{ "x":{"data":[{"z":[[1,0.85633999999999999,0.25020999999999999,0.56235000000000002,0.60626000000000002,0.63583000000000001,0.51688000000000001,0.41011999999999998,0.49558000000000002,0.69466000000000006,0.54378000000000004,0.45140999999999998,0.56820000000000004,0.61492000000000002,0.41597000000000001,0.49364000000000002,0.58548,0.61712999999999996,0.64188000000000001,0.61497000000000002,0.43673000000000001,0.54257999999999995,0.47477999999999998,0.47564000000000001,0.40064,0.50834000000000001,0.60152000000000005,0.64966999999999997,0.38557999999999998,0.46345999999999998,0.48892999999999998,0.54247999999999996,0.25118000000000001,0.40747,0.39015,0.55267999999999995,0.57132000000000005,0.46681,0.44270999999999999,0.45285999999999998,0.42192000000000002,0.052540000000000003,0.14507999999999999,0.28567999999999999,-0.00038000000000000002,0.0051399999999999996,0.55103000000000002,0.61977000000000004,0.65000000000000002,0.68659999999999999,0.44741999999999998,0.40161000000000002,0.39445999999999998,0.39877000000000001,0.46516000000000002,0.47382000000000002,0.46677999999999997,0.41571000000000002,0.40947,0.54505999999999999,0.66383999999999999,0.53998999999999997,0.49058000000000002,0.45955000000000001,0.42498000000000002,0.55825000000000002,0.54335,0.14002999999999999,0.43825999999999998,0.33687,0.26679000000000003,0.39279999999999998,0.38405,0.42043999999999998,0.48819000000000001,0.13391,0.77251000000000003,0.77598999999999996,0.73758999999999997,0.46733999999999998,0.44535000000000002,-0.2369,-0.056849999999999998,-0.18165999999999999,0.13478000000000001,-0.019769999999999999,0.072690000000000005,0.038780000000000002,0.26957999999999999,0.17418,0.27295000000000003,-0.35515000000000002,-0.089090000000000003,-0.076969999999999997,0.31535999999999997,0.58618999999999999,0.57589000000000001,-0.15956000000000001,0.3095,-0.50156999999999996,-0.45340000000000003,-0.40761999999999998,-0.31924999999999998,0.022380000000000001,-0.37756000000000001,-0.32117000000000001,-0.36895,-0.79012000000000004,-0.86948000000000003,-0.71777999999999997,-0.50322,-0.44557999999999998,-0.36103000000000002,-0.29693999999999998,-0.42496,-0.47556999999999999,-0.49575999999999998,-0.6825,-0.37816,-0.21737000000000001,-0.1817,-0.16350000000000001,-0.41778999999999999,-0.51419000000000004,-0.48302,-0.46112999999999998,-0.53068000000000004,-0.30113000000000001,-0.41880000000000001,-0.36810999999999999,-0.43742999999999999,-0.23455999999999999,-0.37230999999999997,-0.35470000000000002,0.19863,0.24659,0.19885,0.23357,-0.31123000000000001,-0.46032000000000001,-0.34750999999999999,-0.28566999999999998,-0.51239999999999997,-0.38325999999999999,-0.45068000000000003,-0.22140000000000001,-0.020760000000000001,-0.05194,0.53293999999999997,0.28982000000000002,0.1721,0.37452000000000002,-0.076899999999999996,0.072300000000000003,-0.077869999999999995,-0.06166,-0.24918000000000001,-0.30280000000000001,-0.39445999999999998,-0.15826000000000001,-0.33612999999999998,-0.35676999999999998,-0.32496999999999998,-0.23105000000000001,-0.1842,-0.034810000000000001,-0.051529999999999999,-0.10959000000000001,0.058930000000000003,0.077640000000000001,0.25429000000000002],[0.85633999999999999,1,0.34599999999999997,0.68611,0.60255999999999998,0.56810000000000005,0.49203000000000002,0.38346000000000002,0.3206,0.56291000000000002,0.45577000000000001,0.34913,0.40467999999999998,0.42099999999999999,0.28450999999999999,0.33265,0.48265999999999998,0.43314999999999998,0.45118000000000003,0.33018999999999998,0.45474999999999999,0.67052999999999996,0.58535000000000004,0.57818000000000003,0.55457999999999996,0.59101999999999999,0.61706000000000005,0.57391999999999999,0.36986999999999998,0.40357999999999999,0.41020000000000001,0.42099999999999999,0.20391999999999999,0.35825000000000001,0.35054000000000002,0.52432000000000001,0.46477000000000002,0.35331000000000001,0.27034000000000002,0.48448999999999998,0.41413,0.050229999999999997,0.090969999999999995,0.020709999999999999,-0.086970000000000006,0.11305,0.45743,0.43613000000000002,0.42569000000000001,0.49199999999999999,0.32896999999999998,0.39145999999999997,0.35192000000000001,0.35471000000000003,0.33357999999999999,0.50965000000000005,0.36514000000000002,0.38479999999999998,0.33992,0.60177999999999998,0.57142000000000004,0.49204999999999999,0.42022999999999999,0.43589,0.37425000000000003,0.42542999999999997,0.30234,0.27112999999999998,0.42366999999999999,0.33159,0.31086000000000003,0.46959000000000001,0.39484999999999998,0.41771000000000003,0.39971000000000001,0.17166999999999999,0.59567000000000003,0.75704000000000005,0.75858999999999999,0.58169999999999999,0.59133999999999998,-0.20165,-0.01111,-0.12755,0.10119,-0.15948000000000001,-0.024340000000000001,-0.031669999999999997,0.37480000000000002,0.23376,0.10357,-0.39629999999999999,-0.18804000000000001,-0.28356999999999999,0.34587000000000001,0.24207000000000001,0.45402999999999999,-0.37629000000000001,0.20127999999999999,-0.65783999999999998,-0.55683000000000005,-0.34233000000000002,-0.22944000000000001,0.092429999999999998,-0.34025,-0.14421999999999999,-0.14191000000000001,-0.87277000000000005,-0.84177999999999997,-0.81420999999999999,-0.62846000000000002,-0.59062000000000003,-0.15486,-0.1439,-0.32838000000000001,-0.47415000000000002,-0.31909999999999999,-0.48879,-0.46332000000000001,-0.16178000000000001,-0.15886,-0.19312000000000001,-0.29977999999999999,-0.43711,-0.57255999999999996,-0.50965000000000005,-0.30030000000000001,-0.22073999999999999,-0.29788999999999999,-0.34190999999999999,-0.40915000000000001,-0.20937,-0.42143999999999998,-0.39778000000000002,0.19724,0.24357999999999999,0.13915,0.15114,-0.12465,-0.34637000000000001,-0.30904999999999999,-0.24576999999999999,-0.45449000000000001,-0.61914000000000002,-0.56596999999999997,-0.15597,-0.02776,-0.14230999999999999,0.68510000000000004,0.47531000000000001,0.11914,0.29805999999999999,-0.14563999999999999,0.0049800000000000001,-0.02852,-0.036360000000000003,-0.33040000000000003,-0.38488,-0.12188,-0.11018,-0.18894,-0.18099000000000001,-0.065310000000000007,-0.059560000000000002,-0.028219999999999999,0.18553,0.15876000000000001,0.098059999999999994,0.0096399999999999993,0.17133000000000001,0.30753999999999998],[0.25020999999999999,0.34599999999999997,1,0.51685999999999999,0.61995,0.69971000000000005,0.59128000000000003,0.71492999999999995,0.60399999999999998,0.45007000000000003,0.27629999999999999,0.47377000000000002,0.40604000000000001,0.36176999999999998,0.34771999999999997,0.30520999999999998,0.52510999999999997,0.39066000000000001,0.32890999999999998,0.25720999999999999,0.39576,0.48060999999999998,0.49814999999999998,0.60265000000000002,0.43703999999999998,0.40983999999999998,0.44370999999999999,0.41160000000000002,0.70394999999999996,0.76981999999999995,0.71711999999999998,0.70770999999999995,0.34088000000000002,0.59536,0.64978999999999998,0.58526,0.59348000000000001,0.49159999999999998,0.50878999999999996,0.56200000000000006,0.54952999999999996,0.65995999999999999,0.39907999999999999,0.32003999999999999,0.12123,0.1055,0.36107,0.43336999999999998,0.096110000000000001,0.064089999999999994,0.15820000000000001,0.17222999999999999,0.13885,0.13374,-0.021739999999999999,0.24292,0.078659999999999994,0.18345,0.31735000000000002,0.22142000000000001,0.26789000000000002,0.27556999999999998,0.27542,0.31052999999999997,0.32196000000000002,0.31795000000000001,0.22974,0.43998999999999999,0.55496999999999996,0.30121999999999999,0.47621000000000002,0.44341000000000003,0.48372999999999999,0.43197999999999998,0.28216000000000002,0.41432000000000002,0.37567,0.1938,0.34250999999999998,0.34847,0.061289999999999997,-0.039149999999999997,0.062350000000000003,0.023630000000000002,-0.15060999999999999,-0.012239999999999999,-0.20036999999999999,-0.32851999999999998,0.15149000000000001,-0.010880000000000001,-0.19717999999999999,-0.066259999999999999,0.042279999999999998,-0.1249,-0.36010999999999999,-0.29753000000000002,-0.20502000000000001,-0.58313999999999999,-0.59997999999999996,-0.12615000000000001,-0.52476999999999996,-0.54251000000000005,-0.42532999999999999,-0.25774000000000002,-0.44619999999999999,-0.43519999999999998,-0.54973000000000005,-0.27784999999999999,-0.23016,-0.024060000000000002,0.076319999999999999,0.10238999999999999,-0.21795999999999999,-0.17258999999999999,-0.35774,-0.38905000000000001,-0.24825,-0.16919999999999999,-0.27159,-0.11205,0.039969999999999999,-0.053940000000000002,-0.12277,-0.054640000000000001,0.025159999999999998,-0.01511,0.29189999999999999,-0.016250000000000001,-0.025100000000000001,0.040899999999999999,-0.026749999999999999,0.17207,0.12046999999999999,0.019810000000000001,-0.33718999999999999,-0.26090999999999998,-0.37092999999999998,-0.47915999999999997,-0.68103999999999998,-0.54966000000000004,-0.59245999999999999,-0.40916000000000002,-0.39512000000000003,-0.33559,-0.49458000000000002,0.69033,0.67323999999999995,0.57952000000000004,0.44242999999999999,0.36070999999999998,0.20279,0.24018,0.02197,0.17591000000000001,0.25140000000000001,0.03909,-0.096509999999999999,0.056390000000000003,0.0026099999999999999,0.14341000000000001,0.16549,0.15568000000000001,0.18862000000000001,0.13769000000000001,0.10439,0.48531000000000002,0.44236999999999999,0.39111000000000001,0.42230000000000001,0.36770000000000003,0.45297999999999999],[0.56235000000000002,0.68611,0.51685999999999999,1,0.82996000000000003,0.63841000000000003,0.60719000000000001,0.56562999999999997,0.59443999999999997,0.64136000000000004,0.70936999999999995,0.60553000000000001,0.51868999999999998,0.53163000000000005,0.34079999999999999,0.46326000000000001,0.55442999999999998,0.34666999999999998,0.64707999999999999,0.50763000000000003,0.50968999999999998,0.67967,0.62897999999999998,0.67159000000000002,0.78520000000000001,0.66869000000000001,0.7278,0.70121999999999995,0.66003999999999996,0.55925999999999998,0.57728999999999997,0.55708999999999997,0.64239000000000002,0.63956999999999997,0.59548000000000001,0.59252000000000005,0.71660999999999997,0.52817999999999998,0.44255,0.64786999999999995,0.65132999999999996,0.30710999999999999,0.43851000000000001,0.10621999999999999,0.32901999999999998,0.32568000000000003,0.21115,0.27400999999999998,0.18651999999999999,0.30573,0.3916,0.34584999999999999,0.42071999999999998,0.41788999999999998,0.21127000000000001,0.4199,0.27587,0.50165000000000004,0.43792999999999999,0.58858999999999995,0.61321000000000003,0.64510999999999996,0.55627000000000004,0.58681000000000005,0.47040999999999999,0.45683000000000001,0.41195999999999999,0.44035999999999997,0.52068000000000003,0.59577000000000002,0.51490999999999998,0.58130000000000004,0.48815999999999998,0.56703999999999999,0.26618000000000003,0.30424000000000001,0.46123999999999998,0.46377000000000002,0.62380999999999998,0.50036999999999998,0.34376000000000001,0.039370000000000002,0.17968999999999999,0.10464,0.085339999999999999,0.039,0.12509000000000001,-0.063320000000000001,0.34264,0.1938,0.042079999999999999,-0.11762,0.13700000000000001,0.038679999999999999,-0.055550000000000002,0.06855,0.087580000000000005,-0.53437999999999997,-0.17241000000000001,-0.39622000000000002,-0.41805999999999999,-0.45328000000000002,-0.24875,-0.26058999999999999,-0.52730999999999995,-0.43378,-0.37733,-0.74504000000000004,-0.55606999999999995,-0.42519000000000001,-0.18909999999999999,-0.15633,-0.14449000000000001,-0.37742999999999999,-0.25212000000000001,-0.38151000000000002,-0.53781000000000001,-0.53949999999999998,-0.32416,-0.17172000000000001,-0.11388,-0.23108999999999999,-0.28508,-0.39298,-0.32135999999999998,-0.55288999999999999,-0.25036999999999998,-0.32763999999999999,-0.19262000000000001,-0.35349999999999998,-0.37156,-0.29158000000000001,-0.4022,-0.39091999999999999,-0.30145,-0.23568,-0.31280000000000002,-0.28992000000000001,-0.36621999999999999,-0.63754999999999995,-0.56227000000000005,-0.55073000000000005,-0.64346000000000003,-0.70289000000000001,-0.52661000000000002,0.17788000000000001,0.33307999999999999,0.28908,0.65405999999999997,0.47073999999999999,0.10267999999999999,0.26939000000000002,0.019869999999999999,0.17213999999999999,0.14854000000000001,-0.086190000000000003,-0.16800000000000001,-0.24732000000000001,0.1371,0.01414,0.04385,0.074639999999999998,0.02273,0.077109999999999998,0.0033400000000000001,0.13421,0.13547999999999999,0.11162999999999999,0.27063999999999999,0.13794999999999999,0.19663],[0.60626000000000002,0.60255999999999998,0.61995,0.82996000000000003,1,0.73238999999999999,0.50638000000000005,0.50946999999999998,0.67229000000000005,0.64305999999999996,0.68435999999999997,0.63949999999999996,0.56391999999999998,0.56672999999999996,0.41657,0.40248,0.62692000000000003,0.38633000000000001,0.67210999999999999,0.67718,0.40005000000000002,0.58577999999999997,0.60218000000000005,0.64663000000000004,0.77454999999999996,0.54205999999999999,0.60511000000000004,0.60057000000000005,0.75665000000000004,0.69947999999999999,0.69247999999999998,0.70850000000000002,0.58267999999999998,0.65876000000000001,0.64824000000000004,0.65412999999999999,0.79295000000000004,0.58757000000000004,0.58116000000000001,0.72928000000000004,0.61195999999999995,0.53264,0.51859999999999995,0.45718999999999999,0.49682999999999999,0.20996999999999999,0.43969999999999998,0.58755000000000002,0.40022000000000002,0.36225000000000002,0.47644999999999998,0.37193999999999999,0.37625999999999998,0.37607000000000002,0.35592000000000001,0.50475000000000003,0.43047000000000002,0.38873000000000002,0.48597000000000001,0.61138999999999999,0.65397000000000005,0.66113,0.66437999999999997,0.64734000000000003,0.49195,0.46689999999999998,0.49606,0.36186000000000001,0.6885,0.51929000000000003,0.49665999999999999,0.59396000000000004,0.54837000000000002,0.58692999999999995,0.48159999999999997,0.40577999999999997,0.73307999999999995,0.50782000000000005,0.59162999999999999,0.63500999999999996,0.29631000000000002,0.18692,0.38571,0.25329000000000002,0.26495999999999997,0.35177999999999998,0.33039000000000002,-0.0183,0.50414999999999999,0.38477,0.25011,0.085860000000000006,0.35092000000000001,0.29602000000000001,-0.12490999999999999,0.25730999999999998,0.17383999999999999,-0.35400999999999999,-0.065049999999999997,-0.10557999999999999,-0.24706,-0.46945999999999999,-0.17818999999999999,-0.17163999999999999,-0.42313000000000001,-0.40958,-0.44568999999999998,-0.59369000000000005,-0.54769000000000001,-0.27594999999999997,-0.099790000000000004,-0.060859999999999997,-0.34755000000000003,-0.48072999999999999,-0.38463000000000003,-0.44684000000000001,-0.59397999999999995,-0.53120999999999996,-0.38683000000000001,-0.20716000000000001,-0.13383999999999999,-0.32662000000000002,-0.48318,-0.55339000000000005,-0.36692999999999998,-0.52842999999999996,-0.35256999999999999,-0.60821000000000003,-0.45132,-0.47794999999999999,-0.52781,-0.37282999999999999,-0.48453000000000002,-0.47241,-0.32221,-0.23216000000000001,-0.30321999999999999,-0.27448,-0.64636000000000005,-0.68071999999999999,-0.53854999999999997,-0.48333999999999999,-0.61551,-0.58779999999999999,-0.46834999999999999,0.18187999999999999,0.36083999999999999,0.33849000000000001,0.47831000000000001,0.18837000000000001,-0.128,0.01712,-0.18379000000000001,0.13133,0.018610000000000002,-0.094869999999999996,-0.28161999999999998,-0.18115999999999999,-0.15185000000000001,-0.18407000000000001,-0.22545000000000001,-0.12848999999999999,-0.12981999999999999,-0.13272999999999999,-0.18790999999999999,-0.096369999999999997,-0.098750000000000004,-0.12992000000000001,0.23913999999999999,0.11663,0.15518000000000001],[0.63583000000000001,0.56810000000000005,0.69971000000000005,0.63841000000000003,0.73238999999999999,1,0.90429000000000004,0.87524999999999997,0.72428000000000003,0.82357000000000002,0.55208000000000002,0.63005,0.64509000000000005,0.63451000000000002,0.61001000000000005,0.63968999999999998,0.65302000000000004,0.80237000000000003,0.75283,0.73194000000000004,0.70199,0.70638999999999996,0.74699000000000004,0.76951000000000003,0.5827,0.70726999999999995,0.70548999999999995,0.75831999999999999,0.85255000000000003,0.88653999999999999,0.88758999999999999,0.85155000000000003,0.64043000000000005,0.79898000000000002,0.78876000000000002,0.91147999999999996,0.90003,0.85770999999999997,0.84475999999999996,0.84911999999999999,0.82647000000000004,0.61529999999999996,0.57152999999999998,0.51119999999999999,0.28664000000000001,0.20519000000000001,0.66674999999999995,0.76376999999999995,0.46321000000000001,0.55462,0.50609000000000004,0.44446999999999998,0.42407,0.42621999999999999,0.40794000000000002,0.40333000000000002,0.34022999999999998,0.43836999999999998,0.36962,0.39856999999999998,0.52431000000000005,0.53725999999999996,0.45834999999999998,0.45312000000000002,0.71665999999999996,0.73980000000000001,0.71284000000000003,0.56577999999999995,0.7802,0.67957999999999996,0.71780999999999995,0.71296999999999999,0.82389000000000001,0.79935,0.54591999999999996,0.50858000000000003,0.83479999999999999,0.60053000000000001,0.66020999999999996,0.56391999999999998,0.43135000000000001,0.047010000000000003,0.25389,0.17588000000000001,0.13,0.22638,0.23996999999999999,0.17333999999999999,0.42220999999999997,0.23241999999999999,-0.048739999999999999,-0.011560000000000001,0.18576000000000001,0.092579999999999996,0.14391000000000001,0.35439999999999999,0.40156999999999998,-0.37513999999999997,-0.28521000000000002,-0.21884000000000001,-0.40489000000000003,-0.31319000000000002,-0.29980000000000001,-0.032570000000000002,-0.45576,-0.50217000000000001,-0.50200999999999996,-0.59645000000000004,-0.74363999999999997,-0.38120999999999999,-0.25891999999999998,-0.26268000000000002,-0.51937,-0.51895999999999998,-0.63427999999999995,-0.56772,-0.60229999999999995,-0.68425000000000002,-0.47564000000000001,-0.49520999999999998,-0.30942999999999998,-0.39467000000000002,-0.57303999999999999,-0.50524999999999998,-0.22384000000000001,-0.42803000000000002,-0.37963999999999998,-0.34319,-0.42193000000000003,-0.36562,-0.44397999999999999,-0.30484,-0.26949000000000001,-0.35565999999999998,-0.33572999999999997,-0.27488000000000001,-0.27224999999999999,-0.29520999999999997,-0.70759000000000005,-0.66434000000000004,-0.73753999999999997,-0.58919999999999995,-0.77310999999999996,-0.55579999999999996,-0.67676999999999998,0.13821,0.32092999999999999,0.26274999999999998,0.35099000000000002,0.22359999999999999,0.21962999999999999,0.33738000000000001,-0.35297000000000001,-0.14299999999999999,-0.19241,-0.16173000000000001,-0.50992000000000004,-0.29870000000000002,-0.31236999999999998,-0.17438999999999999,-0.14518,-0.20624000000000001,-0.32035000000000002,-0.28421000000000002,-0.28245999999999999,0.02256,-0.041360000000000001,-0.098210000000000006,-0.033309999999999999,0.0098700000000000003,0.19389000000000001],[0.51688000000000001,0.49203000000000002,0.59128000000000003,0.60719000000000001,0.50638000000000005,0.90429000000000004,1,0.94884000000000002,0.68581999999999999,0.83762000000000003,0.60638999999999998,0.69030000000000002,0.70509999999999995,0.69105000000000005,0.69718000000000002,0.79115000000000002,0.65388999999999997,0.83070999999999995,0.73299000000000003,0.66122999999999998,0.76468999999999998,0.76648000000000005,0.75800999999999996,0.79713000000000001,0.57369000000000003,0.83423000000000003,0.81718000000000002,0.85118000000000005,0.83496000000000004,0.83109999999999995,0.85160999999999998,0.80252999999999997,0.72614999999999996,0.85323000000000004,0.82143999999999995,0.89837,0.79737999999999998,0.87973999999999997,0.79161999999999999,0.76202000000000003,0.84033999999999998,0.51604000000000005,0.56266000000000005,0.35416999999999998,0.18704999999999999,0.34471000000000002,0.57460999999999995,0.57930999999999999,0.39499000000000001,0.58613999999999999,0.52278000000000002,0.49353000000000002,0.52386999999999995,0.52602000000000004,0.39156000000000002,0.38847999999999999,0.30136000000000002,0.56764000000000003,0.38555,0.34244000000000002,0.50546999999999997,0.52232999999999996,0.40359,0.42902000000000001,0.76224000000000003,0.82015000000000005,0.73765000000000003,0.70498000000000005,0.65932999999999997,0.72157000000000004,0.74246000000000001,0.70745000000000002,0.83535999999999999,0.83065,0.42785000000000001,0.50300999999999996,0.63027,0.58589000000000002,0.69893000000000005,0.41887000000000002,0.48150999999999999,0.0068199999999999997,0.15254999999999999,0.16625000000000001,0.0049500000000000004,0.058540000000000002,0.11446000000000001,0.24385000000000001,0.29148000000000002,0.094009999999999996,-0.16808999999999999,-0.072980000000000003,0.092160000000000006,-0.0045799999999999999,0.20075999999999999,0.28825000000000001,0.36157,-0.32506000000000002,-0.35637999999999997,-0.3256,-0.46317999999999998,-0.28519,-0.35649999999999998,-0.13788,-0.59902,-0.54344000000000003,-0.51624999999999999,-0.63993999999999995,-0.71474000000000004,-0.37879000000000002,-0.28505999999999998,-0.27637,-0.48233999999999999,-0.49934000000000001,-0.69506000000000001,-0.59175,-0.56257000000000001,-0.72030000000000005,-0.48514000000000002,-0.59709999999999996,-0.41599000000000003,-0.40801999999999999,-0.53120000000000001,-0.42404999999999998,-0.21843000000000001,-0.44163999999999998,-0.33744000000000002,-0.14631,-0.30681000000000003,-0.28128999999999998,-0.35149000000000002,-0.26374999999999998,-0.20668,-0.29476999999999998,-0.44438,-0.41617999999999999,-0.37191999999999997,-0.42433999999999999,-0.59257000000000004,-0.64214000000000004,-0.82813000000000003,-0.65917999999999999,-0.73414000000000001,-0.56399999999999995,-0.77732999999999997,0.17993000000000001,0.26869999999999999,0.18704000000000001,0.31613999999999998,0.30763000000000001,0.36202000000000001,0.47563,-0.23966000000000001,-0.20942,-0.21678,-0.22364000000000001,-0.45693,-0.35532999999999998,-0.24937999999999999,-0.18553,-0.052859999999999997,-0.19097,-0.35898000000000002,-0.26472000000000001,-0.29432000000000003,0.069180000000000005,-0.00296,-0.065180000000000002,-0.041549999999999997,0.0044600000000000004,0.20205999999999999],[0.41011999999999998,0.38346000000000002,0.71492999999999995,0.56562999999999997,0.50946999999999998,0.87524999999999997,0.94884000000000002,1,0.74417,0.74702999999999997,0.52485999999999999,0.68228,0.66669,0.63853000000000004,0.61416999999999999,0.76227999999999996,0.65722999999999998,0.76083999999999996,0.70074000000000003,0.60441,0.79191999999999996,0.78237999999999996,0.78869999999999996,0.84972999999999999,0.55350999999999995,0.76554,0.75194000000000005,0.77464999999999995,0.85136999999999996,0.90234000000000003,0.90717999999999999,0.86153999999999997,0.72604999999999997,0.87509999999999999,0.84665000000000001,0.85777999999999999,0.73611000000000004,0.80664000000000002,0.82276000000000005,0.75853999999999999,0.88005999999999995,0.61223000000000005,0.60675000000000001,0.38235000000000002,0.21825,0.29360999999999998,0.50072000000000005,0.56584999999999996,0.27176,0.51849000000000001,0.50899000000000005,0.48642000000000002,0.47946,0.47972999999999999,0.29754999999999998,0.32462999999999997,0.20097000000000001,0.52861999999999998,0.43403000000000003,0.28492000000000001,0.44409999999999999,0.51063999999999998,0.41541,0.47147,0.70630000000000004,0.73179000000000005,0.65229000000000004,0.71343999999999996,0.65488999999999997,0.69167999999999996,0.76719000000000004,0.71584000000000003,0.83599999999999997,0.8135,0.31186999999999998,0.51293,0.58533999999999997,0.48315999999999998,0.61382000000000003,0.43940000000000001,0.33856999999999998,0.035229999999999997,0.18207000000000001,0.20754,-0.062289999999999998,0.094630000000000006,0.052359999999999997,0.19528999999999999,0.28587000000000001,0.09919,-0.17888999999999999,0.011209999999999999,0.16871,0.012319999999999999,0.04759,0.13267999999999999,0.15409999999999999,-0.41277999999999998,-0.45372000000000001,-0.21060999999999999,-0.4829,-0.31002000000000002,-0.35932999999999998,-0.16127,-0.53769,-0.49508999999999997,-0.59401999999999999,-0.50646000000000002,-0.57013999999999998,-0.27833999999999998,-0.21013999999999999,-0.21428,-0.38600000000000001,-0.39150000000000001,-0.68105000000000004,-0.62465999999999999,-0.52871999999999997,-0.62849999999999995,-0.42154999999999998,-0.50760000000000005,-0.34895999999999999,-0.38073000000000001,-0.46417000000000003,-0.34266999999999997,-0.10047,-0.27087,-0.20899000000000001,-0.15286,-0.21049000000000001,-0.20596,-0.27851999999999999,-0.16105,-0.069680000000000006,-0.20144999999999999,-0.47400999999999999,-0.4299,-0.37840000000000001,-0.47502,-0.72841,-0.65903999999999996,-0.81686999999999999,-0.65076999999999996,-0.58864000000000005,-0.52498,-0.71914999999999996,0.43435000000000001,0.47194000000000003,0.36637999999999998,0.28631000000000001,0.27659,0.41178999999999999,0.50612000000000001,-0.16103000000000001,-0.15517,-0.14133000000000001,-0.19086,-0.36630000000000001,-0.23598,-0.17344000000000001,-0.069430000000000006,0.041020000000000001,-0.078,-0.27372999999999997,-0.19133,-0.29122999999999999,0.19844000000000001,0.12229,0.043339999999999997,0.057709999999999997,0.0098799999999999999,0.19741],[0.49558000000000002,0.3206,0.60399999999999998,0.59443999999999997,0.67229000000000005,0.72428000000000003,0.68581999999999999,0.74417,1,0.81637999999999999,0.7036,0.86500999999999995,0.87575999999999998,0.86682000000000003,0.60975000000000001,0.71967000000000003,0.72235000000000005,0.59370999999999996,0.85848999999999998,0.72170999999999996,0.63205999999999996,0.65473000000000003,0.66027000000000002,0.69416,0.64714000000000005,0.57410000000000005,0.73919000000000001,0.77337999999999996,0.81706999999999996,0.82845999999999997,0.81086000000000003,0.86909000000000003,0.69510000000000005,0.80591999999999997,0.76014999999999999,0.78258000000000005,0.75070999999999999,0.75263999999999998,0.77936000000000005,0.72672000000000003,0.76293,0.66976999999999998,0.62051999999999996,0.65149999999999997,0.50614000000000003,0.26368000000000003,0.40538000000000002,0.60889000000000004,0.44346000000000002,0.55437000000000003,0.55325999999999997,0.48408000000000001,0.49023,0.48455999999999999,0.40428999999999998,0.38083,0.38380999999999998,0.50956000000000001,0.68091000000000002,0.57721,0.66298000000000001,0.72697999999999996,0.69579999999999997,0.69550000000000001,0.63783999999999996,0.66785000000000005,0.72430000000000005,0.47026000000000001,0.62614000000000003,0.65415999999999996,0.60784000000000005,0.57189999999999996,0.63185000000000002,0.65515999999999996,0.39989999999999998,0.42666999999999999,0.61356999999999995,0.43658999999999998,0.55659000000000003,0.34166000000000002,-0.0063600000000000002,0.13424,0.18668999999999999,0.18643999999999999,0.14585000000000001,0.34166999999999997,0.18074999999999999,0.078969999999999999,0.24401,0.2019,0.070569999999999994,0.058380000000000001,0.31408999999999998,0.27353,-0.19595000000000001,0.28209000000000001,0.26017000000000001,-0.28028999999999998,-0.082619999999999999,-0.038359999999999998,-0.13177,-0.54308999999999996,-0.44975999999999999,-0.37563999999999997,-0.57164999999999999,-0.63280000000000003,-0.80623,-0.51253000000000004,-0.46172000000000002,0.0025300000000000001,-0.00696,0.079299999999999995,-0.52703,-0.49076999999999998,-0.58042000000000005,-0.60970000000000002,-0.80047999999999997,-0.71294999999999997,-0.35832000000000003,-0.36662,-0.31796000000000002,-0.31036999999999998,-0.49801000000000001,-0.46455000000000002,-0.050220000000000001,-0.2394,-0.38646999999999998,-0.39004,-0.40551999999999999,-0.34952,-0.39167000000000002,-0.30273,-0.20141000000000001,-0.26662999999999998,-0.47077000000000002,-0.43147999999999997,-0.44674000000000003,-0.49548999999999999,-0.84631000000000001,-0.9425,-0.78419000000000005,-0.70804,-0.51126000000000005,-0.38891999999999999,-0.49228,0.36380000000000001,0.55228999999999995,0.57221,0.35433999999999999,0.12898000000000001,0.15189,0.31497999999999998,-0.0057400000000000003,0.078990000000000005,-0.027480000000000001,-0.30911,-0.22958000000000001,-0.15951000000000001,-0.32279999999999998,-0.14632000000000001,-0.12583,-0.22921,-0.26223000000000002,-0.23627000000000001,-0.27903,0.030380000000000001,-0.034700000000000002,-0.10523,0.29126999999999997,-0.0032499999999999999,0.18381],[0.69466000000000006,0.56291000000000002,0.45007000000000003,0.64136000000000004,0.64305999999999996,0.82357000000000002,0.83762000000000003,0.74702999999999997,0.81637999999999999,1,0.74772000000000005,0.79940999999999995,0.87992999999999999,0.87817999999999996,0.68033999999999994,0.71953999999999996,0.63146000000000002,0.66852999999999996,0.81255999999999995,0.75827999999999995,0.56606000000000001,0.71952000000000005,0.64568000000000003,0.66666000000000003,0.65702000000000005,0.70142000000000004,0.79588999999999999,0.84816999999999998,0.80708000000000002,0.75800000000000001,0.74914999999999998,0.77681999999999995,0.63348000000000004,0.75331000000000004,0.68432999999999999,0.87687999999999999,0.75797000000000003,0.83492999999999995,0.67689999999999995,0.66644000000000003,0.66820999999999997,0.39008999999999999,0.37839,0.40373999999999999,0.21024000000000001,0.13269,0.46322000000000002,0.56635000000000002,0.50893999999999995,0.60202999999999995,0.45567999999999997,0.37785999999999997,0.41621999999999998,0.41910999999999998,0.40390999999999999,0.35048000000000001,0.36099999999999999,0.44029000000000001,0.41538999999999998,0.47652,0.61412999999999995,0.59757000000000005,0.51263999999999998,0.49997999999999998,0.62280000000000002,0.73945000000000005,0.75031999999999999,0.41077000000000002,0.52239999999999998,0.57784000000000002,0.48204000000000002,0.51254,0.64849000000000001,0.66627999999999998,0.46755999999999998,0.36377999999999999,0.74141000000000001,0.60862000000000005,0.69710000000000005,0.28598000000000001,0.27366000000000001,-0.12622,0.02673,0.02223,-0.0076699999999999997,0.077600000000000002,0.13718,0.08906,0.18833,0.041599999999999998,-0.10446999999999999,-0.23954,0.026749999999999999,0.051630000000000002,0.11124000000000001,0.46004,0.51470000000000005,-0.27328000000000002,-0.085050000000000001,-0.42831000000000002,-0.33180999999999999,-0.51402000000000003,-0.55281999999999998,-0.37131999999999998,-0.71806999999999999,-0.73019999999999996,-0.68698000000000004,-0.80051000000000005,-0.79083000000000003,-0.38039000000000001,-0.23416999999999999,-0.21808,-0.50668999999999997,-0.45330999999999999,-0.59787999999999997,-0.48115999999999998,-0.63346999999999998,-0.75766999999999995,-0.33445000000000003,-0.39889999999999998,-0.28658,-0.24920999999999999,-0.51844999999999997,-0.46678999999999998,-0.19721,-0.44794,-0.49924000000000002,-0.26952999999999999,-0.38723999999999997,-0.29157,-0.37114000000000003,-0.28600999999999999,-0.27416000000000001,-0.27400999999999998,-0.31173000000000001,-0.28455000000000003,-0.29593000000000003,-0.31424999999999997,-0.60031000000000001,-0.85704000000000002,-0.80793999999999999,-0.56533999999999995,-0.65837000000000001,-0.45677000000000001,-0.69094999999999995,0.044420000000000001,0.31866,0.31481999999999999,0.50644999999999996,0.38030999999999998,0.31322,0.46661999999999998,-0.071300000000000002,0.079899999999999999,-0.063719999999999999,-0.10264,-0.30453000000000002,-0.18479999999999999,-0.31218000000000001,-0.21695999999999999,-0.11687,-0.24288000000000001,-0.30968000000000001,-0.20771999999999999,-0.20574999999999999,-0.069709999999999994,-0.11608,-0.17029,0.15493000000000001,0.17924000000000001,0.37724999999999997],[0.54378000000000004,0.45577000000000001,0.27629999999999999,0.70936999999999995,0.68435999999999997,0.55208000000000002,0.60638999999999998,0.52485999999999999,0.7036,0.74772000000000005,1,0.92469999999999997,0.86953999999999998,0.88082000000000005,0.75999000000000005,0.81245999999999996,0.78159999999999996,0.55935000000000001,0.78754999999999997,0.81947000000000003,0.43075999999999998,0.61109999999999998,0.56359999999999999,0.63493999999999995,0.81466000000000005,0.80622000000000005,0.88910999999999996,0.88336000000000003,0.75661,0.62512999999999996,0.67701,0.72321999999999997,0.78061000000000003,0.80801000000000001,0.76148000000000005,0.67730999999999997,0.71313000000000004,0.75192999999999999,0.56913000000000002,0.61045000000000005,0.60714000000000001,0.43994,0.62932999999999995,0.48936000000000002,0.55744000000000005,0.57408999999999999,0.48394999999999999,0.49304999999999999,0.65039999999999998,0.65349999999999997,0.74733000000000005,0.65595999999999999,0.77144999999999997,0.77302999999999999,0.63578999999999997,0.72489999999999999,0.69074000000000002,0.79262999999999995,0.74756999999999996,0.73423000000000005,0.89842,0.85045999999999999,0.83513999999999999,0.81189999999999996,0.71526999999999996,0.78949000000000003,0.79305000000000003,0.60248999999999997,0.57652999999999999,0.62704000000000004,0.52822999999999998,0.59423999999999999,0.58081000000000005,0.69738,0.47193000000000002,0.38804,0.53842000000000001,0.68045999999999995,0.80632999999999999,0.46185999999999999,0.44525999999999999,0.31961000000000001,0.38386999999999999,0.39939000000000002,0.33365,0.32915,0.37856000000000001,0.28311999999999998,0.41728999999999999,0.33685999999999999,0.41637000000000002,0.16075999999999999,0.42213000000000001,0.46448,-0.025950000000000001,0.50997000000000003,0.35815999999999998,0.082559999999999995,0.14809,-0.08412,-0.094659999999999994,-0.41132999999999997,-0.16156000000000001,-0.29770000000000002,-0.68689999999999996,-0.47484999999999999,-0.50358999999999998,-0.67752999999999997,-0.56135000000000002,-0.18002000000000001,-0.070970000000000005,0.060940000000000001,-0.54820000000000002,-0.70411000000000001,-0.68298999999999999,-0.61704000000000003,-0.75178,-0.82249000000000005,-0.55876999999999999,-0.55916999999999994,-0.50317999999999996,-0.52986999999999995,-0.69213000000000002,-0.70282,-0.58287,-0.71074999999999999,-0.57621,-0.53800999999999999,-0.59458,-0.60321000000000002,-0.63756000000000002,-0.54310000000000003,-0.64870000000000005,-0.61414999999999997,-0.55710999999999999,-0.53537000000000001,-0.48947000000000002,-0.47392000000000001,-0.54952999999999996,-0.70326999999999995,-0.67725000000000002,-0.64000999999999997,-0.58703000000000005,-0.49893999999999999,-0.57457999999999998,0.048869999999999997,0.0809,0.05654,0.22674,0.039910000000000001,-0.17477999999999999,0.01499,-0.08541,-0.080769999999999995,-0.21775,-0.38663999999999998,-0.27290999999999999,-0.41156999999999999,-0.38340000000000002,-0.54561999999999999,-0.45229999999999998,-0.46838000000000002,-0.51654999999999995,-0.43551000000000001,-0.48437999999999998,-0.39304,-0.40771000000000002,-0.45079000000000002,0.19228000000000001,-0.05851,0.0012800000000000001],[0.45140999999999998,0.34913,0.47377000000000002,0.60553000000000001,0.63949999999999996,0.63005,0.69030000000000002,0.68228,0.86500999999999995,0.79940999999999995,0.92469999999999997,1,0.96226,0.94421999999999995,0.80345,0.85619999999999996,0.81555,0.61185,0.80366000000000004,0.78520000000000001,0.52476999999999996,0.67801999999999996,0.64693999999999996,0.72384000000000004,0.80188000000000004,0.79293000000000002,0.89590999999999998,0.88795999999999997,0.86595999999999995,0.79388999999999998,0.81127000000000005,0.86697000000000002,0.78539000000000003,0.89176999999999995,0.84984000000000004,0.78888000000000003,0.71848999999999996,0.82686999999999999,0.68622000000000005,0.68294999999999995,0.69979999999999998,0.64468000000000003,0.68672,0.61275999999999997,0.55979999999999996,0.52849000000000002,0.51141000000000003,0.57364000000000004,0.60785,0.63885999999999998,0.72170000000000001,0.66732999999999998,0.73158999999999996,0.73062000000000005,0.58357999999999999,0.65774999999999995,0.61177000000000004,0.74267000000000005,0.79984,0.69464000000000004,0.83694999999999997,0.83438999999999997,0.82679999999999998,0.82099999999999995,0.75011000000000005,0.81223000000000001,0.81116999999999995,0.67071999999999998,0.62595999999999996,0.64620999999999995,0.60826999999999998,0.62253999999999998,0.67029000000000005,0.74212,0.45567999999999997,0.45867999999999998,0.54530000000000001,0.61875000000000002,0.76078999999999997,0.42205999999999999,0.28909000000000001,0.31212000000000001,0.35537999999999997,0.40822999999999998,0.25269999999999998,0.35477999999999998,0.29004000000000002,0.24010999999999999,0.37339,0.29430000000000001,0.26850000000000002,0.18232000000000001,0.42410999999999999,0.42129,-0.14529,0.38096999999999998,0.31068000000000001,-0.012,0.01584,-0.017610000000000001,-0.094479999999999995,-0.47466999999999998,-0.29105999999999999,-0.35930000000000001,-0.71272999999999997,-0.54564999999999997,-0.67000999999999999,-0.59458,-0.49563000000000001,-0.028840000000000001,-0.0045900000000000003,0.12187000000000001,-0.59536999999999995,-0.64107999999999998,-0.77778999999999998,-0.70430999999999999,-0.77170000000000005,-0.78990000000000005,-0.55779999999999996,-0.57389000000000001,-0.51017000000000001,-0.51578999999999997,-0.68213999999999997,-0.62905999999999995,-0.40378999999999998,-0.50622999999999996,-0.45507999999999998,-0.47120000000000001,-0.55694999999999995,-0.50548000000000004,-0.55686000000000002,-0.44270999999999999,-0.46972000000000003,-0.49280000000000002,-0.62880000000000003,-0.60967000000000005,-0.56908999999999998,-0.61709999999999998,-0.74892999999999998,-0.83287999999999995,-0.80076000000000003,-0.69728000000000001,-0.50922999999999996,-0.44253999999999999,-0.62034999999999996,0.27567000000000003,0.30717,0.26661000000000001,0.21142,0.039759999999999997,-0.073419999999999999,0.094820000000000002,-0.071940000000000004,-0.084220000000000003,-0.19103000000000001,-0.40527999999999997,-0.28861999999999999,-0.32540999999999998,-0.41565999999999997,-0.49151,-0.36181000000000002,-0.43330000000000002,-0.46018999999999999,-0.42546,-0.47725000000000001,-0.23100000000000001,-0.28187000000000001,-0.35102,0.25247000000000003,-0.018270000000000002,0.09622],[0.56820000000000004,0.40467999999999998,0.40604000000000001,0.51868999999999998,0.56391999999999998,0.64509000000000005,0.70509999999999995,0.66669,0.87575999999999998,0.87992999999999999,0.86953999999999998,0.96226,1,0.98995,0.80581000000000003,0.85023000000000004,0.78147999999999995,0.65895999999999999,0.81667000000000001,0.78181,0.52276,0.66959000000000002,0.61351999999999995,0.66732000000000002,0.70430999999999999,0.73729999999999996,0.86841000000000002,0.88405,0.80210999999999999,0.76041999999999998,0.76729999999999998,0.84206000000000003,0.68059999999999998,0.81933,0.76944999999999997,0.80396000000000001,0.67610000000000003,0.81918999999999997,0.67183999999999999,0.62583,0.64156000000000002,0.53907000000000005,0.54961000000000004,0.60021000000000002,0.41648000000000002,0.38433,0.52861000000000002,0.60445000000000004,0.66585000000000005,0.70226999999999995,0.65919000000000005,0.60773999999999995,0.65505000000000002,0.6552,0.58252000000000004,0.58138000000000001,0.58481000000000005,0.65934999999999999,0.73182999999999998,0.65383000000000002,0.80079,0.77148000000000005,0.75156999999999996,0.73411000000000004,0.70772999999999997,0.81723999999999997,0.82759000000000005,0.55054000000000003,0.55564000000000002,0.58201999999999998,0.51820999999999995,0.53847,0.62697999999999998,0.68028,0.48554000000000003,0.39901999999999999,0.60848000000000002,0.65451000000000004,0.75851000000000002,0.32690000000000002,0.24870999999999999,0.14369000000000001,0.19320999999999999,0.24313000000000001,0.18079000000000001,0.26251000000000002,0.21045,0.20482,0.26799000000000001,0.19964999999999999,0.19202,0.01281,0.26515,0.29859999999999998,-0.042090000000000002,0.47677999999999998,0.45585999999999999,-0.00050000000000000001,0.096640000000000004,-0.14735999999999999,-0.13134999999999999,-0.51444000000000001,-0.41948999999999997,-0.37330999999999998,-0.72823000000000004,-0.61009999999999998,-0.72219999999999995,-0.66295999999999999,-0.60311999999999999,-0.11952,-0.098640000000000005,0.018259999999999998,-0.62592000000000003,-0.57099,-0.76802000000000004,-0.67422000000000004,-0.75139,-0.81471000000000005,-0.50339,-0.53647,-0.48132999999999998,-0.41942000000000002,-0.65068000000000004,-0.59280999999999995,-0.34887000000000001,-0.44677,-0.51004000000000005,-0.38658999999999999,-0.54712000000000005,-0.43585000000000002,-0.50063999999999997,-0.38494,-0