"","M393.189T1440.567","M513.25T1338.968","M477.343T1423.013","M882.48T1339.403","M652.416T1356.524","M343.224T1621.712","M629.459T1473.698","M423.321T1473.286","M510.367T1523.593","M589.501T1621.712","M578.503T1590.788","M635.491T1472.841","M628.529T1624.373","M628.528T1608.773","M609.518T1624.418","M652.503T1490.314","M558.46T1591.049","M297.239T1626.197","M841.471T1389.363","M545.456T1607.833","M605.416T1473.993","M477.403T1542.988","M477.407T1590.788","M477.398T1574.327","M879.468T1338.726","M630.465T1474.173","M629.464T1456.367","M629.463T1474.173","M449.365T1540.699","M669.539T1543.447","M669.531T1507.08","M669.562T1624.559","M449.369T1557.545","M449.347T1490.033","M535.447T1540.43","M567.43T1421.35","M295.151T1624.873","M492.408T1557.26","M534.444T1557.26","M535.375T1490.352","M534.402T1422.678","M533.436T1590.96","M549.424T1473.203","M516.411T1568.021","M886.353T1006.792","M467.383T1523.593","M329.158T1625.781","M329.157T1608.526","M475.412T1607.605","M494.563T1509.9","M576.484T1557.453","M576.484T1473.551","M575.479T1473.048","M575.481T1540.694","M576.533T1641.124","M541.474T1573.977","M542.478T1573.977","M575.479T1456.772","M640.557T1608.472","M737.493T1439.78","M577.49T1591.335","M618.492T1624.789","M617.489T1624.961","M617.506T1594.034","M549.431T1507.08","M629.529T1601.79","M629.509T1624.418","M660.517T1423.005","M535.409T1440.116","M549.426T1489.95","M471.336T1557.26","M605.427T1490.314","M549.428T1523.962","M533.435T1510.689","M516.434T1624.418","M481.362T1591.564","M325.162T1642.868","M951.603T1424.253","M628.514T1473.756","M1085.421T973.898","M659.418T1406.262","M820.327T1006.792","M813.332T1056.081","M869.334T919.017","M479.188T913.185","M899.349T990.311","M433.152T909.874","M677.438T1339.916","M564.208T942.149","M817.317T940.819","M430.319T1557.453","M832.307T992.353","M956.379T959.199","M438.146T926.75","M313.161T1621.4","M787.545T1575.098","M339.172T1490.329","M523.36T1271.932","M487.775T1256.694","M386.164T943.456","M807.348T918.929","M1123.351T817.469","M889.305T842.452","M919.292T824.161","M1102.351T817.469","M979.313T847.893","M1114.854T834.347","M682.262T843.183","M415.326T1295.888","M465.26T1373.143","M425.216T1401.37","M425.215T1355.365","M556.445T1212.039","M812.538T1253.346","M985.571T1146.934","M772.55T1170.538","M537.533T1295.888","M374.303T1319.161","M847.517T1163.004","M986.591T1195.638","M808.52T1220.972","M771.504T1195.638","M609.455T1145.906","M392.284T1436.378","M828.538T1289.688","M495.298T1036.333","M471.796T1446.028","M471.313T1295.888","M619.438T1245.233","M399.308T1262.042","M443.333T1262.042","M383.284T1439.726","M455.315T1295.888","M341.283T1305.932","M513.307T1059.952","M351.253T1019.694","M285.134T1052.907","M569.292T994.771","M605.427T1212.039","M867.584T1358.969","M331.187T1104.601","M585.283T918.479","M351.179T1358.969","M351.108T857.905","M291.195T1053.001","M465.265T1237.073","M764.518T1295.888","M764.517T1325.086","M691.436T1356.203","M691.433T1253.346","M494.565T1319.161","M494.565T1422.678","M423.211T1338.363","M821.505T1179.269","M765.518T1313.696","M522.261T1109.944","M423.212T1319.031","M523.599T1382.768","M561.396T1195.638","M330.263T1492.022","M545.37T1372.761","M722.259T892.9","M332.328T1440.13","M441.224T1179.269","M504.265T1099.137","M330.261T1473.013","M330.262T1456.934","M330.263T1439.913","M423.198T1506.423","M722.581T1518.016","M722.58T1595.75"
"M393.189T1440.567",1,0.85634,0.25021,0.56235,0.60626,0.63583,0.51688,0.41012,0.49558,0.69466,0.54378,0.45141,0.5682,0.61492,0.41597,0.49364,0.58548,0.61713,0.64188,0.61497,0.43673,0.54258,0.47478,0.47564,0.40064,0.50834,0.60152,0.64967,0.38558,0.46346,0.48893,0.54248,0.25118,0.40747,0.39015,0.55268,0.57132,0.46681,0.44271,0.45286,0.42192,0.05254,0.14508,0.28568,-0.00038,0.00514,0.55103,0.61977,0.65,0.6866,0.44742,0.40161,0.39446,0.39877,0.46516,0.47382,0.46678,0.41571,0.40947,0.54506,0.66384,0.53999,0.49058,0.45955,0.42498,0.55825,0.54335,0.14003,0.43826,0.33687,0.26679,0.3928,0.38405,0.42044,0.48819,0.13391,0.77251,0.77599,0.73759,0.46734,0.44535,-0.2369,-0.05685,-0.18166,0.13478,-0.01977,0.07269,0.03878,0.26958,0.17418,0.27295,-0.35515,-0.08909,-0.07697,0.31536,0.58619,0.57589,-0.15956,0.3095,-0.50157,-0.4534,-0.40762,-0.31925,0.02238,-0.37756,-0.32117,-0.36895,-0.79012,-0.86948,-0.71778,-0.50322,-0.44558,-0.36103,-0.29694,-0.42496,-0.47557,-0.49576,-0.6825,-0.37816,-0.21737,-0.1817,-0.1635,-0.41779,-0.51419,-0.48302,-0.46113,-0.53068,-0.30113,-0.4188,-0.36811,-0.43743,-0.23456,-0.37231,-0.3547,0.19863,0.24659,0.19885,0.23357,-0.31123,-0.46032,-0.34751,-0.28567,-0.5124,-0.38326,-0.45068,-0.2214,-0.02076,-0.05194,0.53294,0.28982,0.1721,0.37452,-0.0769,0.0723,-0.07787,-0.06166,-0.24918,-0.3028,-0.39446,-0.15826,-0.33613,-0.35677,-0.32497,-0.23105,-0.1842,-0.03481,-0.05153,-0.10959,0.05893,0.07764,0.25429
"M513.25T1338.968",0.85634,1,0.346,0.68611,0.60256,0.5681,0.49203,0.38346,0.3206,0.56291,0.45577,0.34913,0.40468,0.421,0.28451,0.33265,0.48266,0.43315,0.45118,0.33019,0.45475,0.67053,0.58535,0.57818,0.55458,0.59102,0.61706,0.57392,0.36987,0.40358,0.4102,0.421,0.20392,0.35825,0.35054,0.52432,0.46477,0.35331,0.27034,0.48449,0.41413,0.05023,0.09097,0.02071,-0.08697,0.11305,0.45743,0.43613,0.42569,0.492,0.32897,0.39146,0.35192,0.35471,0.33358,0.50965,0.36514,0.3848,0.33992,0.60178,0.57142,0.49205,0.42023,0.43589,0.37425,0.42543,0.30234,0.27113,0.42367,0.33159,0.31086,0.46959,0.39485,0.41771,0.39971,0.17167,0.59567,0.75704,0.75859,0.5817,0.59134,-0.20165,-0.01111,-0.12755,0.10119,-0.15948,-0.02434,-0.03167,0.3748,0.23376,0.10357,-0.3963,-0.18804,-0.28357,0.34587,0.24207,0.45403,-0.37629,0.20128,-0.65784,-0.55683,-0.34233,-0.22944,0.09243,-0.34025,-0.14422,-0.14191,-0.87277,-0.84178,-0.81421,-0.62846,-0.59062,-0.15486,-0.1439,-0.32838,-0.47415,-0.3191,-0.48879,-0.46332,-0.16178,-0.15886,-0.19312,-0.29978,-0.43711,-0.57256,-0.50965,-0.3003,-0.22074,-0.29789,-0.34191,-0.40915,-0.20937,-0.42144,-0.39778,0.19724,0.24358,0.13915,0.15114,-0.12465,-0.34637,-0.30905,-0.24577,-0.45449,-0.61914,-0.56597,-0.15597,-0.02776,-0.14231,0.6851,0.47531,0.11914,0.29806,-0.14564,0.00498,-0.02852,-0.03636,-0.3304,-0.38488,-0.12188,-0.11018,-0.18894,-0.18099,-0.06531,-0.05956,-0.02822,0.18553,0.15876,0.09806,0.00964,0.17133,0.30754
"M477.343T1423.013",0.25021,0.346,1,0.51686,0.61995,0.69971,0.59128,0.71493,0.604,0.45007,0.2763,0.47377,0.40604,0.36177,0.34772,0.30521,0.52511,0.39066,0.32891,0.25721,0.39576,0.48061,0.49815,0.60265,0.43704,0.40984,0.44371,0.4116,0.70395,0.76982,0.71712,0.70771,0.34088,0.59536,0.64979,0.58526,0.59348,0.4916,0.50879,0.562,0.54953,0.65996,0.39908,0.32004,0.12123,0.1055,0.36107,0.43337,0.09611,0.06409,0.1582,0.17223,0.13885,0.13374,-0.02174,0.24292,0.07866,0.18345,0.31735,0.22142,0.26789,0.27557,0.27542,0.31053,0.32196,0.31795,0.22974,0.43999,0.55497,0.30122,0.47621,0.44341,0.48373,0.43198,0.28216,0.41432,0.37567,0.1938,0.34251,0.34847,0.06129,-0.03915,0.06235,0.02363,-0.15061,-0.01224,-0.20037,-0.32852,0.15149,-0.01088,-0.19718,-0.06626,0.04228,-0.1249,-0.36011,-0.29753,-0.20502,-0.58314,-0.59998,-0.12615,-0.52477,-0.54251,-0.42533,-0.25774,-0.4462,-0.4352,-0.54973,-0.27785,-0.23016,-0.02406,0.07632,0.10239,-0.21796,-0.17259,-0.35774,-0.38905,-0.24825,-0.1692,-0.27159,-0.11205,0.03997,-0.05394,-0.12277,-0.05464,0.02516,-0.01511,0.2919,-0.01625,-0.0251,0.0409,-0.02675,0.17207,0.12047,0.01981,-0.33719,-0.26091,-0.37093,-0.47916,-0.68104,-0.54966,-0.59246,-0.40916,-0.39512,-0.33559,-0.49458,0.69033,0.67324,0.57952,0.44243,0.36071,0.20279,0.24018,0.02197,0.17591,0.2514,0.03909,-0.09651,0.05639,0.00261,0.14341,0.16549,0.15568,0.18862,0.13769,0.10439,0.48531,0.44237,0.39111,0.4223,0.3677,0.45298
"M882.48T1339.403",0.56235,0.68611,0.51686,1,0.82996,0.63841,0.60719,0.56563,0.59444,0.64136,0.70937,0.60553,0.51869,0.53163,0.3408,0.46326,0.55443,0.34667,0.64708,0.50763,0.50969,0.67967,0.62898,0.67159,0.7852,0.66869,0.7278,0.70122,0.66004,0.55926,0.57729,0.55709,0.64239,0.63957,0.59548,0.59252,0.71661,0.52818,0.44255,0.64787,0.65133,0.30711,0.43851,0.10622,0.32902,0.32568,0.21115,0.27401,0.18652,0.30573,0.3916,0.34585,0.42072,0.41789,0.21127,0.4199,0.27587,0.50165,0.43793,0.58859,0.61321,0.64511,0.55627,0.58681,0.47041,0.45683,0.41196,0.44036,0.52068,0.59577,0.51491,0.5813,0.48816,0.56704,0.26618,0.30424,0.46124,0.46377,0.62381,0.50037,0.34376,0.03937,0.17969,0.10464,0.08534,0.039,0.12509,-0.06332,0.34264,0.1938,0.04208,-0.11762,0.137,0.03868,-0.05555,0.06855,0.08758,-0.53438,-0.17241,-0.39622,-0.41806,-0.45328,-0.24875,-0.26059,-0.52731,-0.43378,-0.37733,-0.74504,-0.55607,-0.42519,-0.1891,-0.15633,-0.14449,-0.37743,-0.25212,-0.38151,-0.53781,-0.5395,-0.32416,-0.17172,-0.11388,-0.23109,-0.28508,-0.39298,-0.32136,-0.55289,-0.25037,-0.32764,-0.19262,-0.3535,-0.37156,-0.29158,-0.4022,-0.39092,-0.30145,-0.23568,-0.3128,-0.28992,-0.36622,-0.63755,-0.56227,-0.55073,-0.64346,-0.70289,-0.52661,0.17788,0.33308,0.28908,0.65406,0.47074,0.10268,0.26939,0.01987,0.17214,0.14854,-0.08619,-0.168,-0.24732,0.1371,0.01414,0.04385,0.07464,0.02273,0.07711,0.00334,0.13421,0.13548,0.11163,0.27064,0.13795,0.19663
"M652.416T1356.524",0.60626,0.60256,0.61995,0.82996,1,0.73239,0.50638,0.50947,0.67229,0.64306,0.68436,0.6395,0.56392,0.56673,0.41657,0.40248,0.62692,0.38633,0.67211,0.67718,0.40005,0.58578,0.60218,0.64663,0.77455,0.54206,0.60511,0.60057,0.75665,0.69948,0.69248,0.7085,0.58268,0.65876,0.64824,0.65413,0.79295,0.58757,0.58116,0.72928,0.61196,0.53264,0.5186,0.45719,0.49683,0.20997,0.4397,0.58755,0.40022,0.36225,0.47645,0.37194,0.37626,0.37607,0.35592,0.50475,0.43047,0.38873,0.48597,0.61139,0.65397,0.66113,0.66438,0.64734,0.49195,0.4669,0.49606,0.36186,0.6885,0.51929,0.49666,0.59396,0.54837,0.58693,0.4816,0.40578,0.73308,0.50782,0.59163,0.63501,0.29631,0.18692,0.38571,0.25329,0.26496,0.35178,0.33039,-0.0183,0.50415,0.38477,0.25011,0.08586,0.35092,0.29602,-0.12491,0.25731,0.17384,-0.35401,-0.06505,-0.10558,-0.24706,-0.46946,-0.17819,-0.17164,-0.42313,-0.40958,-0.44569,-0.59369,-0.54769,-0.27595,-0.09979,-0.06086,-0.34755,-0.48073,-0.38463,-0.44684,-0.59398,-0.53121,-0.38683,-0.20716,-0.13384,-0.32662,-0.48318,-0.55339,-0.36693,-0.52843,-0.35257,-0.60821,-0.45132,-0.47795,-0.52781,-0.37283,-0.48453,-0.47241,-0.32221,-0.23216,-0.30322,-0.27448,-0.64636,-0.68072,-0.53855,-0.48334,-0.61551,-0.5878,-0.46835,0.18188,0.36084,0.33849,0.47831,0.18837,-0.128,0.01712,-0.18379,0.13133,0.01861,-0.09487,-0.28162,-0.18116,-0.15185,-0.18407,-0.22545,-0.12849,-0.12982,-0.13273,-0.18791,-0.09637,-0.09875,-0.12992,0.23914,0.11663,0.15518
"M343.224T1621.712",0.63583,0.5681,0.69971,0.63841,0.73239,1,0.90429,0.87525,0.72428,0.82357,0.55208,0.63005,0.64509,0.63451,0.61001,0.63969,0.65302,0.80237,0.75283,0.73194,0.70199,0.70639,0.74699,0.76951,0.5827,0.70727,0.70549,0.75832,0.85255,0.88654,0.88759,0.85155,0.64043,0.79898,0.78876,0.91148,0.90003,0.85771,0.84476,0.84912,0.82647,0.6153,0.57153,0.5112,0.28664,0.20519,0.66675,0.76377,0.46321,0.55462,0.50609,0.44447,0.42407,0.42622,0.40794,0.40333,0.34023,0.43837,0.36962,0.39857,0.52431,0.53726,0.45835,0.45312,0.71666,0.7398,0.71284,0.56578,0.7802,0.67958,0.71781,0.71297,0.82389,0.79935,0.54592,0.50858,0.8348,0.60053,0.66021,0.56392,0.43135,0.04701,0.25389,0.17588,0.13,0.22638,0.23997,0.17334,0.42221,0.23242,-0.04874,-0.01156,0.18576,0.09258,0.14391,0.3544,0.40157,-0.37514,-0.28521,-0.21884,-0.40489,-0.31319,-0.2998,-0.03257,-0.45576,-0.50217,-0.50201,-0.59645,-0.74364,-0.38121,-0.25892,-0.26268,-0.51937,-0.51896,-0.63428,-0.56772,-0.6023,-0.68425,-0.47564,-0.49521,-0.30943,-0.39467,-0.57304,-0.50525,-0.22384,-0.42803,-0.37964,-0.34319,-0.42193,-0.36562,-0.44398,-0.30484,-0.26949,-0.35566,-0.33573,-0.27488,-0.27225,-0.29521,-0.70759,-0.66434,-0.73754,-0.5892,-0.77311,-0.5558,-0.67677,0.13821,0.32093,0.26275,0.35099,0.2236,0.21963,0.33738,-0.35297,-0.143,-0.19241,-0.16173,-0.50992,-0.2987,-0.31237,-0.17439,-0.14518,-0.20624,-0.32035,-0.28421,-0.28246,0.02256,-0.04136,-0.09821,-0.03331,0.00987,0.19389
"M629.459T1473.698",0.51688,0.49203,0.59128,0.60719,0.50638,0.90429,1,0.94884,0.68582,0.83762,0.60639,0.6903,0.7051,0.69105,0.69718,0.79115,0.65389,0.83071,0.73299,0.66123,0.76469,0.76648,0.75801,0.79713,0.57369,0.83423,0.81718,0.85118,0.83496,0.8311,0.85161,0.80253,0.72615,0.85323,0.82144,0.89837,0.79738,0.87974,0.79162,0.76202,0.84034,0.51604,0.56266,0.35417,0.18705,0.34471,0.57461,0.57931,0.39499,0.58614,0.52278,0.49353,0.52387,0.52602,0.39156,0.38848,0.30136,0.56764,0.38555,0.34244,0.50547,0.52233,0.40359,0.42902,0.76224,0.82015,0.73765,0.70498,0.65933,0.72157,0.74246,0.70745,0.83536,0.83065,0.42785,0.50301,0.63027,0.58589,0.69893,0.41887,0.48151,0.00682,0.15255,0.16625,0.00495,0.05854,0.11446,0.24385,0.29148,0.09401,-0.16809,-0.07298,0.09216,-0.00458,0.20076,0.28825,0.36157,-0.32506,-0.35638,-0.3256,-0.46318,-0.28519,-0.3565,-0.13788,-0.59902,-0.54344,-0.51625,-0.63994,-0.71474,-0.37879,-0.28506,-0.27637,-0.48234,-0.49934,-0.69506,-0.59175,-0.56257,-0.7203,-0.48514,-0.5971,-0.41599,-0.40802,-0.5312,-0.42405,-0.21843,-0.44164,-0.33744,-0.14631,-0.30681,-0.28129,-0.35149,-0.26375,-0.20668,-0.29477,-0.44438,-0.41618,-0.37192,-0.42434,-0.59257,-0.64214,-0.82813,-0.65918,-0.73414,-0.564,-0.77733,0.17993,0.2687,0.18704,0.31614,0.30763,0.36202,0.47563,-0.23966,-0.20942,-0.21678,-0.22364,-0.45693,-0.35533,-0.24938,-0.18553,-0.05286,-0.19097,-0.35898,-0.26472,-0.29432,0.06918,-0.00296,-0.06518,-0.04155,0.00446,0.20206
"M423.321T1473.286",0.41012,0.38346,0.71493,0.56563,0.50947,0.87525,0.94884,1,0.74417,0.74703,0.52486,0.68228,0.66669,0.63853,0.61417,0.76228,0.65723,0.76084,0.70074,0.60441,0.79192,0.78238,0.7887,0.84973,0.55351,0.76554,0.75194,0.77465,0.85137,0.90234,0.90718,0.86154,0.72605,0.8751,0.84665,0.85778,0.73611,0.80664,0.82276,0.75854,0.88006,0.61223,0.60675,0.38235,0.21825,0.29361,0.50072,0.56585,0.27176,0.51849,0.50899,0.48642,0.47946,0.47973,0.29755,0.32463,0.20097,0.52862,0.43403,0.28492,0.4441,0.51064,0.41541,0.47147,0.7063,0.73179,0.65229,0.71344,0.65489,0.69168,0.76719,0.71584,0.836,0.8135,0.31187,0.51293,0.58534,0.48316,0.61382,0.4394,0.33857,0.03523,0.18207,0.20754,-0.06229,0.09463,0.05236,0.19529,0.28587,0.09919,-0.17889,0.01121,0.16871,0.01232,0.04759,0.13268,0.1541,-0.41278,-0.45372,-0.21061,-0.4829,-0.31002,-0.35933,-0.16127,-0.53769,-0.49509,-0.59402,-0.50646,-0.57014,-0.27834,-0.21014,-0.21428,-0.386,-0.3915,-0.68105,-0.62466,-0.52872,-0.6285,-0.42155,-0.5076,-0.34896,-0.38073,-0.46417,-0.34267,-0.10047,-0.27087,-0.20899,-0.15286,-0.21049,-0.20596,-0.27852,-0.16105,-0.06968,-0.20145,-0.47401,-0.4299,-0.3784,-0.47502,-0.72841,-0.65904,-0.81687,-0.65077,-0.58864,-0.52498,-0.71915,0.43435,0.47194,0.36638,0.28631,0.27659,0.41179,0.50612,-0.16103,-0.15517,-0.14133,-0.19086,-0.3663,-0.23598,-0.17344,-0.06943,0.04102,-0.078,-0.27373,-0.19133,-0.29123,0.19844,0.12229,0.04334,0.05771,0.00988,0.19741
"M510.367T1523.593",0.49558,0.3206,0.604,0.59444,0.67229,0.72428,0.68582,0.74417,1,0.81638,0.7036,0.86501,0.87576,0.86682,0.60975,0.71967,0.72235,0.59371,0.85849,0.72171,0.63206,0.65473,0.66027,0.69416,0.64714,0.5741,0.73919,0.77338,0.81707,0.82846,0.81086,0.86909,0.6951,0.80592,0.76015,0.78258,0.75071,0.75264,0.77936,0.72672,0.76293,0.66977,0.62052,0.6515,0.50614,0.26368,0.40538,0.60889,0.44346,0.55437,0.55326,0.48408,0.49023,0.48456,0.40429,0.38083,0.38381,0.50956,0.68091,0.57721,0.66298,0.72698,0.6958,0.6955,0.63784,0.66785,0.7243,0.47026,0.62614,0.65416,0.60784,0.5719,0.63185,0.65516,0.3999,0.42667,0.61357,0.43659,0.55659,0.34166,-0.00636,0.13424,0.18669,0.18644,0.14585,0.34167,0.18075,0.07897,0.24401,0.2019,0.07057,0.05838,0.31409,0.27353,-0.19595,0.28209,0.26017,-0.28029,-0.08262,-0.03836,-0.13177,-0.54309,-0.44976,-0.37564,-0.57165,-0.6328,-0.80623,-0.51253,-0.46172,0.00253,-0.00696,0.0793,-0.52703,-0.49077,-0.58042,-0.6097,-0.80048,-0.71295,-0.35832,-0.36662,-0.31796,-0.31037,-0.49801,-0.46455,-0.05022,-0.2394,-0.38647,-0.39004,-0.40552,-0.34952,-0.39167,-0.30273,-0.20141,-0.26663,-0.47077,-0.43148,-0.44674,-0.49549,-0.84631,-0.9425,-0.78419,-0.70804,-0.51126,-0.38892,-0.49228,0.3638,0.55229,0.57221,0.35434,0.12898,0.15189,0.31498,-0.00574,0.07899,-0.02748,-0.30911,-0.22958,-0.15951,-0.3228,-0.14632,-0.12583,-0.22921,-0.26223,-0.23627,-0.27903,0.03038,-0.0347,-0.10523,0.29127,-0.00325,0.18381
"M589.501T1621.712",0.69466,0.56291,0.45007,0.64136,0.64306,0.82357,0.83762,0.74703,0.81638,1,0.74772,0.79941,0.87993,0.87818,0.68034,0.71954,0.63146,0.66853,0.81256,0.75828,0.56606,0.71952,0.64568,0.66666,0.65702,0.70142,0.79589,0.84817,0.80708,0.758,0.74915,0.77682,0.63348,0.75331,0.68433,0.87688,0.75797,0.83493,0.6769,0.66644,0.66821,0.39009,0.37839,0.40374,0.21024,0.13269,0.46322,0.56635,0.50894,0.60203,0.45568,0.37786,0.41622,0.41911,0.40391,0.35048,0.361,0.44029,0.41539,0.47652,0.61413,0.59757,0.51264,0.49998,0.6228,0.73945,0.75032,0.41077,0.5224,0.57784,0.48204,0.51254,0.64849,0.66628,0.46756,0.36378,0.74141,0.60862,0.6971,0.28598,0.27366,-0.12622,0.02673,0.02223,-0.00767,0.0776,0.13718,0.08906,0.18833,0.0416,-0.10447,-0.23954,0.02675,0.05163,0.11124,0.46004,0.5147,-0.27328,-0.08505,-0.42831,-0.33181,-0.51402,-0.55282,-0.37132,-0.71807,-0.7302,-0.68698,-0.80051,-0.79083,-0.38039,-0.23417,-0.21808,-0.50669,-0.45331,-0.59788,-0.48116,-0.63347,-0.75767,-0.33445,-0.3989,-0.28658,-0.24921,-0.51845,-0.46679,-0.19721,-0.44794,-0.49924,-0.26953,-0.38724,-0.29157,-0.37114,-0.28601,-0.27416,-0.27401,-0.31173,-0.28455,-0.29593,-0.31425,-0.60031,-0.85704,-0.80794,-0.56534,-0.65837,-0.45677,-0.69095,0.04442,0.31866,0.31482,0.50645,0.38031,0.31322,0.46662,-0.0713,0.0799,-0.06372,-0.10264,-0.30453,-0.1848,-0.31218,-0.21696,-0.11687,-0.24288,-0.30968,-0.20772,-0.20575,-0.06971,-0.11608,-0.17029,0.15493,0.17924,0.37725
"M578.503T1590.788",0.54378,0.45577,0.2763,0.70937,0.68436,0.55208,0.60639,0.52486,0.7036,0.74772,1,0.9247,0.86954,0.88082,0.75999,0.81246,0.7816,0.55935,0.78755,0.81947,0.43076,0.6111,0.5636,0.63494,0.81466,0.80622,0.88911,0.88336,0.75661,0.62513,0.67701,0.72322,0.78061,0.80801,0.76148,0.67731,0.71313,0.75193,0.56913,0.61045,0.60714,0.43994,0.62933,0.48936,0.55744,0.57409,0.48395,0.49305,0.6504,0.6535,0.74733,0.65596,0.77145,0.77303,0.63579,0.7249,0.69074,0.79263,0.74757,0.73423,0.89842,0.85046,0.83514,0.8119,0.71527,0.78949,0.79305,0.60249,0.57653,0.62704,0.52823,0.59424,0.58081,0.69738,0.47193,0.38804,0.53842,0.68046,0.80633,0.46186,0.44526,0.31961,0.38387,0.39939,0.33365,0.32915,0.37856,0.28312,0.41729,0.33686,0.41637,0.16076,0.42213,0.46448,-0.02595,0.50997,0.35816,0.08256,0.14809,-0.08412,-0.09466,-0.41133,-0.16156,-0.2977,-0.6869,-0.47485,-0.50359,-0.67753,-0.56135,-0.18002,-0.07097,0.06094,-0.5482,-0.70411,-0.68299,-0.61704,-0.75178,-0.82249,-0.55877,-0.55917,-0.50318,-0.52987,-0.69213,-0.70282,-0.58287,-0.71075,-0.57621,-0.53801,-0.59458,-0.60321,-0.63756,-0.5431,-0.6487,-0.61415,-0.55711,-0.53537,-0.48947,-0.47392,-0.54953,-0.70327,-0.67725,-0.64001,-0.58703,-0.49894,-0.57458,0.04887,0.0809,0.05654,0.22674,0.03991,-0.17478,0.01499,-0.08541,-0.08077,-0.21775,-0.38664,-0.27291,-0.41157,-0.3834,-0.54562,-0.4523,-0.46838,-0.51655,-0.43551,-0.48438,-0.39304,-0.40771,-0.45079,0.19228,-0.05851,0.00128
"M635.491T1472.841",0.45141,0.34913,0.47377,0.60553,0.6395,0.63005,0.6903,0.68228,0.86501,0.79941,0.9247,1,0.96226,0.94422,0.80345,0.8562,0.81555,0.61185,0.80366,0.7852,0.52477,0.67802,0.64694,0.72384,0.80188,0.79293,0.89591,0.88796,0.86596,0.79389,0.81127,0.86697,0.78539,0.89177,0.84984,0.78888,0.71849,0.82687,0.68622,0.68295,0.6998,0.64468,0.68672,0.61276,0.5598,0.52849,0.51141,0.57364,0.60785,0.63886,0.7217,0.66733,0.73159,0.73062,0.58358,0.65775,0.61177,0.74267,0.79984,0.69464,0.83695,0.83439,0.8268,0.821,0.75011,0.81223,0.81117,0.67072,0.62596,0.64621,0.60827,0.62254,0.67029,0.74212,0.45568,0.45868,0.5453,0.61875,0.76079,0.42206,0.28909,0.31212,0.35538,0.40823,0.2527,0.35478,0.29004,0.24011,0.37339,0.2943,0.2685,0.18232,0.42411,0.42129,-0.14529,0.38097,0.31068,-0.012,0.01584,-0.01761,-0.09448,-0.47467,-0.29106,-0.3593,-0.71273,-0.54565,-0.67001,-0.59458,-0.49563,-0.02884,-0.00459,0.12187,-0.59537,-0.64108,-0.77779,-0.70431,-0.7717,-0.7899,-0.5578,-0.57389,-0.51017,-0.51579,-0.68214,-0.62906,-0.40379,-0.50623,-0.45508,-0.4712,-0.55695,-0.50548,-0.55686,-0.44271,-0.46972,-0.4928,-0.6288,-0.60967,-0.56909,-0.6171,-0.74893,-0.83288,-0.80076,-0.69728,-0.50923,-0.44254,-0.62035,0.27567,0.30717,0.26661,0.21142,0.03976,-0.07342,0.09482,-0.07194,-0.08422,-0.19103,-0.40528,-0.28862,-0.32541,-0.41566,-0.49151,-0.36181,-0.4333,-0.46019,-0.42546,-0.47725,-0.231,-0.28187,-0.35102,0.25247,-0.01827,0.09622
"M628.529T1624.373",0.5682,0.40468,0.40604,0.51869,0.56392,0.64509,0.7051,0.66669,0.87576,0.87993,0.86954,0.96226,1,0.98995,0.80581,0.85023,0.78148,0.65896,0.81667,0.78181,0.52276,0.66959,0.61352,0.66732,0.70431,0.7373,0.86841,0.88405,0.80211,0.76042,0.7673,0.84206,0.6806,0.81933,0.76945,0.80396,0.6761,0.81919,0.67184,0.62583,0.64156,0.53907,0.54961,0.60021,0.41648,0.38433,0.52861,0.60445,0.66585,0.70227,0.65919,0.60774,0.65505,0.6552,0.58252,0.58138,0.58481,0.65935,0.73183,0.65383,0.80079,0.77148,0.75157,0.73411,0.70773,0.81724,0.82759,0.55054,0.55564,0.58202,0.51821,0.53847,0.62698,0.68028,0.48554,0.39902,0.60848,0.65451,0.75851,0.3269,0.24871,0.14369,0.19321,0.24313,0.18079,0.26251,0.21045,0.20482,0.26799,0.19965,0.19202,0.01281,0.26515,0.2986,-0.04209,0.47678,0.45586,-5e-04,0.09664,-0.14736,-0.13135,-0.51444,-0.41949,-0.37331,-0.72823,-0.6101,-0.7222,-0.66296,-0.60312,-0.11952,-0.09864,0.01826,-0.62592,-0.57099,-0.76802,-0.67422,-0.75139,-0.81471,-0.50339,-0.53647,-0.48133,-0.41942,-0.65068,-0.59281,-0.34887,-0.44677,-0.51004,-0.38659,-0.54712,-0.43585,-0.50064,-0.38494,-0.39341,-0.40526,-0.48165,-0.4725,-0.44573,-0.49181,-0.70717,-0.85631,-0.79382,-0.64133,-0.49337,-0.36816,-0.62658,0.1669,0.27115,0.25215,0.27681,0.10418,0.04945,0.22544,-0.04226,-0.0404,-0.1815,-0.351,-0.28126,-0.29051,-0.49211,-0.45516,-0.3539,-0.47217,-0.47308,-0.41746,-0.42972,-0.2031,-0.26155,-0.33622,0.22543,0.03441,0.20264
"M628.528T1608.773",0.61492,0.421,0.36177,0.53163,0.56673,0.63451,0.69105,0.63853,0.86682,0.87818,0.88082,0.94422,0.98995,1,0.82888,0.86517,0.81678,0.67903,0.85087,0.80398,0.53095,0.64442,0.59025,0.6404,0.66778,0.71276,0.86269,0.87984,0.76945,0.71078,0.72738,0.81094,0.68946,0.80638,0.76501,0.76043,0.68039,0.79022,0.67875,0.60161,0.62115,0.47592,0.54273,0.60583,0.40552,0.39379,0.54264,0.59924,0.70358,0.7421,0.6789,0.59486,0.65744,0.65722,0.61896,0.58897,0.63081,0.66578,0.72745,0.6512,0.81487,0.76264,0.74654,0.7186,0.70256,0.82603,0.84355,0.51859,0.5625,0.59241,0.50731,0.53904,0.60379,0.66227,0.54233,0.43264,0.61563,0.64899,0.74809,0.3059,0.26471,0.11332,0.15482,0.18762,0.20017,0.25579,0.19251,0.20002,0.22746,0.19128,0.23098,-0.02632,0.23235,0.2882,0.02124,0.53618,0.46502,0.04643,0.13182,-0.16184,-0.1551,-0.55334,-0.4402,-0.39708,-0.7488,-0.64324,-0.74587,-0.68131,-0.62519,-0.13501,-0.14489,-0.00307,-0.66986,-0.61292,-0.74037,-0.66906,-0.77882,-0.83905,-0.5081,-0.54455,-0.50193,-0.39985,-0.64137,-0.60031,-0.36847,-0.50076,-0.55649,-0.37687,-0.56223,-0.44398,-0.50209,-0.40042,-0.40731,-0.39256,-0.48188,-0.47042,-0.45521,-0.47619,-0.68854,-0.85493,-0.79891,-0.68203,-0.54768,-0.38325,-0.63233,0.11774,0.20808,0.22048,0.29183,0.09625,0.06091,0.24788,-0.03287,-0.02981,-0.19592,-0.38453,-0.27213,-0.3257,-0.54017,-0.44284,-0.38757,-0.50927,-0.51173,-0.41613,-0.43349,-0.23,-0.28094,-0.34847,0.21006,0.02565,0.19313
"M609.518T1624.418",0.41597,0.28451,0.34772,0.3408,0.41657,0.61001,0.69718,0.61417,0.60975,0.68034,0.75999,0.80345,0.80581,0.82888,1,0.86742,0.87312,0.77845,0.71246,0.73305,0.52654,0.52996,0.54985,0.60935,0.5362,0.72252,0.77946,0.75036,0.75192,0.62498,0.66794,0.71714,0.71504,0.82178,0.85905,0.67055,0.64111,0.77094,0.71802,0.58215,0.5583,0.51631,0.65159,0.6563,0.38612,0.62243,0.77382,0.6305,0.77915,0.74731,0.75196,0.63112,0.70101,0.70268,0.76385,0.70924,0.7916,0.68035,0.61536,0.49892,0.69312,0.57812,0.60371,0.55316,0.79015,0.89149,0.84036,0.71074,0.70627,0.6173,0.62101,0.65845,0.70686,0.72834,0.7832,0.73288,0.53597,0.59833,0.6796,0.35089,0.54961,0.27685,0.29714,0.32191,0.34008,0.32977,0.2217,0.36113,0.27886,0.2858,0.28303,0.1278,0.25386,0.31347,0.26669,0.5543,0.42063,0.33022,0.01365,0.01722,-0.169,-0.40847,-0.25573,-0.25599,-0.71494,-0.5287,-0.57172,-0.50183,-0.55627,-0.0149,-0.24299,-0.03954,-0.87654,-0.80421,-0.84183,-0.72269,-0.66795,-0.74112,-0.73075,-0.82055,-0.73915,-0.57219,-0.73377,-0.62863,-0.53259,-0.69156,-0.50347,-0.31717,-0.6745,-0.48796,-0.54528,-0.47554,-0.4846,-0.43153,-0.70941,-0.70517,-0.67348,-0.6623,-0.64349,-0.6029,-0.83063,-0.76879,-0.68544,-0.46077,-0.77955,0.04684,-0.11401,-0.09593,0.00734,-0.12646,-0.09623,0.02729,-0.33582,-0.36429,-0.49791,-0.58291,-0.49703,-0.55854,-0.74555,-0.64904,-0.58577,-0.70397,-0.70985,-0.58316,-0.60674,-0.38219,-0.43999,-0.48739,-0.0819,-0.06552,0.04283
"M652.503T1490.314",0.49364,0.33265,0.30521,0.46326,0.40248,0.63969,0.79115,0.76228,0.71967,0.71954,0.81246,0.8562,0.85023,0.86517,0.86742,1,0.85403,0.8401,0.83922,0.80207,0.72171,0.68655,0.68715,0.74439,0.58466,0.84532,0.89141,0.90249,0.74166,0.71522,0.78127,0.8042,0.82347,0.89431,0.86777,0.73412,0.66962,0.8073,0.79177,0.65039,0.76515,0.49803,0.72532,0.57697,0.43181,0.61541,0.64617,0.61452,0.67115,0.84831,0.84737,0.77413,0.83833,0.83957,0.71795,0.66379,0.65201,0.85751,0.74567,0.5529,0.77676,0.75337,0.71138,0.71519,0.86095,0.94201,0.89884,0.77204,0.65737,0.74977,0.72997,0.72742,0.77283,0.83238,0.50021,0.54072,0.54693,0.68936,0.78439,0.44757,0.50699,0.28278,0.32509,0.37931,0.28321,0.30978,0.27127,0.48957,0.35999,0.30972,0.30985,0.1846,0.36874,0.3443,0.20685,0.54778,0.39086,0.1541,0.04456,-0.02519,-0.20114,-0.27162,-0.17644,-0.14484,-0.60921,-0.41845,-0.56274,-0.54642,-0.59193,-0.18378,-0.25862,-0.11662,-0.66656,-0.69855,-0.86721,-0.80237,-0.76623,-0.89469,-0.65615,-0.77779,-0.70831,-0.62206,-0.73733,-0.65847,-0.47501,-0.57657,-0.5825,-0.36623,-0.56487,-0.53088,-0.5753,-0.48805,-0.44248,-0.48959,-0.59562,-0.58909,-0.4748,-0.50562,-0.65605,-0.6232,-0.77459,-0.76743,-0.5859,-0.47876,-0.68134,0.13158,0.03965,-0.00692,0.02408,-0.07722,0.07537,0.24417,-0.20676,-0.35545,-0.44905,-0.5552,-0.42317,-0.54117,-0.56087,-0.50377,-0.44242,-0.56731,-0.71293,-0.57491,-0.65838,-0.27201,-0.33788,-0.41501,-0.05502,-0.25438,-0.09593
"M558.46T1591.049",0.58548,0.48266,0.52511,0.55443,0.62692,0.65302,0.65389,0.65723,0.72235,0.63146,0.7816,0.81555,0.78148,0.81678,0.87312,0.85403,1,0.75727,0.79555,0.72922,0.64435,0.64587,0.67083,0.74691,0.62038,0.72892,0.82908,0.77831,0.75003,0.70247,0.74594,0.81088,0.71979,0.85315,0.90172,0.63786,0.69358,0.66734,0.75789,0.66339,0.67017,0.55555,0.71517,0.66676,0.437,0.61272,0.75825,0.69088,0.74864,0.78274,0.82341,0.71809,0.75405,0.75182,0.73778,0.7958,0.80178,0.76286,0.80088,0.66103,0.82508,0.73268,0.76855,0.74783,0.76608,0.83074,0.76753,0.70263,0.79756,0.65855,0.69061,0.75966,0.69875,0.73624,0.73684,0.71265,0.59614,0.66421,0.75909,0.55875,0.51748,0.2677,0.3146,0.27882,0.36747,0.33644,0.15175,0.24428,0.37727,0.39511,0.43342,0.11705,0.30883,0.27669,0.15611,0.44279,0.26104,0.118,0.05644,-0.00694,-0.32525,-0.53336,-0.24574,-0.2057,-0.64626,-0.43735,-0.63283,-0.56568,-0.57,-0.13718,-0.31544,-0.08682,-0.75316,-0.72706,-0.78257,-0.84847,-0.75216,-0.76207,-0.75993,-0.67412,-0.6472,-0.54594,-0.6697,-0.65843,-0.58548,-0.65118,-0.44638,-0.41305,-0.63151,-0.53763,-0.58807,-0.43151,-0.48663,-0.46617,-0.59744,-0.5535,-0.56696,-0.56741,-0.74529,-0.65544,-0.77294,-0.81387,-0.64937,-0.57876,-0.73127,0.23827,0.05762,0.04358,0.1967,-0.05695,-0.08284,0.09646,-0.22286,-0.23905,-0.35488,-0.57924,-0.40996,-0.55678,-0.64687,-0.46944,-0.5472,-0.60254,-0.58525,-0.47182,-0.55422,-0.16499,-0.21665,-0.28736,0.07553,-0.07375,0.0401
"M297.239T1626.197",0.61713,0.43315,0.39066,0.34667,0.38633,0.80237,0.83071,0.76084,0.59371,0.66853,0.55935,0.61185,0.65896,0.67903,0.77845,0.8401,0.75727,1,0.75233,0.75967,0.73034,0.55544,0.62663,0.64301,0.35468,0.73573,0.73873,0.79958,0.64456,0.71302,0.77536,0.76536,0.60894,0.75414,0.77433,0.76493,0.77316,0.82568,0.84482,0.70459,0.74613,0.52194,0.65606,0.64264,0.30286,0.47093,0.84995,0.82069,0.74228,0.82841,0.73691,0.68992,0.70375,0.70583,0.70159,0.60278,0.60788,0.7,0.55005,0.44243,0.64587,0.58221,0.52259,0.48884,0.85241,0.92372,0.87819,0.67098,0.76223,0.70399,0.74436,0.70851,0.79078,0.80013,0.6383,0.50659,0.69858,0.72337,0.72902,0.52037,0.59147,0.2036,0.28519,0.25256,0.35052,0.30345,0.29652,0.46688,0.41216,0.32487,0.26347,0.1311,0.26358,0.22454,0.35303,0.61425,0.56949,0.0985,0.01049,-0.02877,-0.25004,-0.12092,-0.09896,0.16729,-0.3714,-0.30812,-0.3829,-0.45547,-0.69316,-0.29095,-0.3329,-0.22248,-0.73544,-0.69782,-0.81808,-0.73836,-0.69491,-0.8447,-0.6868,-0.78851,-0.63503,-0.57614,-0.72512,-0.64054,-0.43399,-0.50052,-0.54795,-0.29934,-0.6061,-0.51211,-0.56402,-0.44001,-0.37992,-0.47433,-0.35564,-0.34028,-0.25181,-0.25716,-0.58949,-0.44079,-0.63276,-0.64807,-0.71828,-0.40383,-0.60416,-0.07195,-0.08644,-0.13126,-0.0202,-0.12567,0.06898,0.21614,-0.43286,-0.46725,-0.51649,-0.50133,-0.59509,-0.59577,-0.65965,-0.44432,-0.4788,-0.59963,-0.70742,-0.63564,-0.58627,-0.20231,-0.28542,-0.35217,-0.25608,-0.315,-0.10619
"M841.471T1389.363",0.64188,0.45118,0.32891,0.64708,0.67211,0.75283,0.73299,0.70074,0.85849,0.81256,0.78755,0.80366,0.81667,0.85087,0.71246,0.83922,0.79555,0.75233,1,0.87331,0.78916,0.72242,0.76442,0.74957,0.67345,0.70267,0.81398,0.84804,0.7643,0.718,0.75645,0.78782,0.84243,0.83988,0.79247,0.77713,0.81018,0.78197,0.87683,0.81063,0.83713,0.52621,0.72345,0.66302,0.5831,0.45113,0.58337,0.69663,0.61883,0.81344,0.78488,0.65972,0.67978,0.67781,0.69502,0.54732,0.60536,0.684,0.68375,0.66175,0.77008,0.81442,0.76015,0.74136,0.82274,0.83369,0.8825,0.57477,0.75967,0.85697,0.74987,0.77004,0.77274,0.81877,0.58897,0.56583,0.75135,0.63102,0.69107,0.53085,0.35466,0.26133,0.35637,0.30732,0.40316,0.478,0.41795,0.4204,0.4394,0.43846,0.27497,0.14374,0.39745,0.37884,0.23628,0.6114,0.49819,-0.04864,0.14906,-0.04234,-0.09189,-0.3314,-0.20839,-0.14414,-0.48513,-0.49492,-0.6051,-0.63192,-0.6854,-0.22291,-0.32456,-0.2094,-0.66708,-0.70952,-0.65944,-0.7196,-0.92535,-0.91656,-0.55982,-0.61575,-0.59553,-0.56132,-0.71539,-0.7269,-0.33888,-0.60252,-0.74232,-0.57369,-0.63265,-0.63202,-0.65966,-0.62472,-0.51206,-0.52711,-0.49415,-0.46007,-0.42114,-0.38417,-0.71905,-0.80606,-0.75951,-0.82368,-0.72431,-0.61706,-0.59288,-0.00832,0.13935,0.18126,0.23029,-0.03421,0.051,0.25192,-0.29633,-0.22134,-0.37964,-0.52771,-0.50224,-0.50794,-0.49802,-0.35178,-0.38487,-0.47517,-0.58107,-0.47618,-0.54223,-0.26607,-0.32883,-0.38994,-0.09563,-0.28804,-0.10482
"M545.456T1607.833",0.61497,0.33019,0.25721,0.50763,0.67718,0.73194,0.66123,0.60441,0.72171,0.75828,0.81947,0.7852,0.78181,0.80398,0.73305,0.80207,0.72922,0.75967,0.87331,1,0.51779,0.51546,0.55889,0.59204,0.589,0.67387,0.7172,0.80416,0.75009,0.72092,0.7781,0.80066,0.76102,0.79442,0.75246,0.74578,0.82559,0.83623,0.81121,0.70086,0.69412,0.52028,0.69177,0.71818,0.60157,0.37618,0.65465,0.7701,0.73201,0.76586,0.78975,0.6266,0.68257,0.68755,0.70571,0.58615,0.642,0.66632,0.60854,0.53874,0.77611,0.75164,0.73688,0.68459,0.77608,0.83886,0.92508,0.50436,0.69782,0.67572,0.60386,0.62858,0.70515,0.77134,0.55729,0.41503,0.81617,0.67011,0.69495,0.52465,0.41243,0.33489,0.47571,0.43054,0.41368,0.54225,0.57501,0.46747,0.49338,0.41292,0.45485,0.29771,0.54451,0.59942,0.11285,0.772,0.50266,0.1635,0.14317,0.12161,-0.00482,-0.20899,-0.05823,-0.05466,-0.43656,-0.43038,-0.49209,-0.4806,-0.62491,-0.19055,-0.09198,-0.02382,-0.66962,-0.76672,-0.73782,-0.59893,-0.8043,-0.89089,-0.49734,-0.62871,-0.50957,-0.5847,-0.81852,-0.77091,-0.43823,-0.60642,-0.76063,-0.66435,-0.69892,-0.64619,-0.69297,-0.59637,-0.56881,-0.59629,-0.46011,-0.42192,-0.30479,-0.26892,-0.71366,-0.63387,-0.61527,-0.59125,-0.66416,-0.37039,-0.45925,-0.07626,0.05557,0.06707,-0.00947,-0.1994,-0.1085,0.05215,-0.31744,-0.21517,-0.40536,-0.3669,-0.42589,-0.37891,-0.57877,-0.52995,-0.53689,-0.55015,-0.72384,-0.62033,-0.65421,-0.54221,-0.56983,-0.61322,-0.05257,-0.27185,-0.16318
"M605.416T1473.993",0.43673,0.45475,0.39576,0.50969,0.40005,0.70199,0.76469,0.79192,0.63206,0.56606,0.43076,0.52477,0.52276,0.53095,0.52654,0.72171,0.64435,0.73034,0.78916,0.51779,1,0.83255,0.91089,0.86102,0.54276,0.70358,0.71126,0.68622,0.63005,0.66467,0.69363,0.65686,0.73649,0.75206,0.7263,0.71331,0.60941,0.61953,0.83578,0.82182,0.90834,0.51924,0.68558,0.43449,0.37153,0.49092,0.55313,0.58701,0.33783,0.71624,0.67753,0.68094,0.60659,0.60272,0.55866,0.43915,0.37961,0.61806,0.54136,0.50602,0.49637,0.62516,0.52498,0.5765,0.80431,0.71997,0.6458,0.73386,0.7491,0.88983,0.89673,0.88506,0.86479,0.84534,0.43733,0.62962,0.5642,0.55627,0.60169,0.62113,0.47451,0.24725,0.3422,0.31392,0.32231,0.33102,0.24886,0.5068,0.49254,0.47638,0.02458,0.13824,0.26058,0.07082,0.44008,0.27923,0.37623,-0.23606,-0.01357,-0.11043,-0.23776,-0.06808,-0.06547,0.1379,-0.23705,-0.1792,-0.34827,-0.51684,-0.62382,-0.32936,-0.58128,-0.50742,-0.46275,-0.46424,-0.61143,-0.79017,-0.70622,-0.71323,-0.63113,-0.63964,-0.65044,-0.61057,-0.56722,-0.56358,-0.26527,-0.4409,-0.4979,-0.35675,-0.43183,-0.51524,-0.54057,-0.51796,-0.33694,-0.43126,-0.40684,-0.38298,-0.3387,-0.35758,-0.56644,-0.54105,-0.66923,-0.78713,-0.5863,-0.76343,-0.66027,0.09391,0.1065,0.05074,0.18313,0.02072,0.20717,0.3564,-0.45452,-0.48631,-0.48579,-0.57811,-0.6655,-0.63294,-0.31066,-0.18391,-0.18451,-0.31334,-0.42886,-0.38228,-0.48692,0.07709,-0.03191,-0.11926,-0.37087,-0.40157,-0.18312
"M477.403T1542.988",0.54258,0.67053,0.48061,0.67967,0.58578,0.70639,0.76648,0.78238,0.65473,0.71952,0.6111,0.67802,0.66959,0.64442,0.52996,0.68655,0.64587,0.55544,0.72242,0.51546,0.83255,1,0.96014,0.95959,0.81487,0.8272,0.82296,0.75631,0.75678,0.75061,0.74631,0.73029,0.70048,0.78842,0.72715,0.80448,0.55347,0.63136,0.66485,0.77882,0.82222,0.45087,0.50814,0.24884,0.2483,0.356,0.4564,0.50011,0.30885,0.63406,0.60002,0.63399,0.55903,0.56028,0.45418,0.50073,0.34422,0.58014,0.54937,0.59885,0.58639,0.68792,0.60365,0.68256,0.69539,0.66095,0.54887,0.69603,0.62532,0.71766,0.72152,0.81064,0.81744,0.81181,0.34498,0.52304,0.62713,0.68946,0.77517,0.65349,0.51988,0.10249,0.29086,0.29171,0.11882,0.14636,0.15022,0.31816,0.50871,0.38692,-0.04515,-0.04031,0.15829,-0.02462,0.29925,0.18476,0.33203,-0.37981,-0.02453,-0.38563,-0.40285,-0.27493,-0.23318,-0.07102,-0.47477,-0.27288,-0.42018,-0.78851,-0.75368,-0.53417,-0.58548,-0.56697,-0.2853,-0.28754,-0.64774,-0.75625,-0.55712,-0.65383,-0.56906,-0.46571,-0.4848,-0.52486,-0.54458,-0.55127,-0.40539,-0.49806,-0.41644,-0.39548,-0.36756,-0.44553,-0.52073,-0.40717,-0.39551,-0.44186,-0.34219,-0.30494,-0.29343,-0.35786,-0.5586,-0.65867,-0.71926,-0.6175,-0.45367,-0.82136,-0.80853,0.21142,0.26789,0.13092,0.46325,0.31398,0.24049,0.39332,-0.27889,-0.23823,-0.27286,-0.29544,-0.51737,-0.43828,-0.1472,-0.22665,-0.11757,-0.19269,-0.25816,-0.21904,-0.37032,0.11206,0.03088,-0.07078,-0.10407,-0.04211,0.12953
"M477.407T1590.788",0.47478,0.58535,0.49815,0.62898,0.60218,0.74699,0.75801,0.7887,0.66027,0.64568,0.5636,0.64694,0.61352,0.59025,0.54985,0.68715,0.67083,0.62663,0.76442,0.55889,0.91089,0.96014,1,0.97458,0.79351,0.80828,0.78754,0.72623,0.77663,0.77961,0.78435,0.75381,0.75856,0.82067,0.78054,0.82072,0.63241,0.67253,0.78756,0.89235,0.90422,0.60426,0.67319,0.41771,0.42051,0.46923,0.57116,0.62424,0.35817,0.6719,0.69393,0.71883,0.62035,0.61982,0.56157,0.55633,0.42297,0.61646,0.59287,0.63228,0.59107,0.72274,0.65043,0.71283,0.80189,0.70663,0.61549,0.77726,0.77998,0.83724,0.86415,0.92267,0.91285,0.89639,0.44507,0.63319,0.6705,0.67445,0.73419,0.76435,0.55453,0.29947,0.47137,0.44375,0.3186,0.36203,0.31837,0.46179,0.64851,0.56461,0.05276,0.16489,0.32989,0.12716,0.34088,0.23579,0.37314,-0.30136,0.00199,-0.16827,-0.25577,-0.1408,-0.06315,0.08712,-0.32752,-0.17308,-0.34379,-0.65414,-0.70024,-0.41039,-0.57041,-0.52941,-0.40327,-0.42464,-0.68946,-0.82758,-0.6601,-0.6862,-0.67819,-0.59283,-0.60595,-0.67285,-0.65402,-0.65611,-0.41683,-0.53032,-0.48358,-0.52141,-0.50179,-0.584,-0.64261,-0.55283,-0.47878,-0.55112,-0.43238,-0.39343,-0.36321,-0.40615,-0.63527,-0.61953,-0.70476,-0.70479,-0.52875,-0.85975,-0.76305,0.1624,0.19816,0.08003,0.2926,0.10193,0.09013,0.23816,-0.4808,-0.4193,-0.43878,-0.46267,-0.68365,-0.56836,-0.25091,-0.31072,-0.23124,-0.29441,-0.36274,-0.3685,-0.50092,0.02026,-0.07891,-0.17755,-0.26804,-0.24345,-0.07096
"M477.398T1574.327",0.47564,0.57818,0.60265,0.67159,0.64663,0.76951,0.79713,0.84973,0.69416,0.66666,0.63494,0.72384,0.66732,0.6404,0.60935,0.74439,0.74691,0.64301,0.74957,0.59204,0.86102,0.95959,0.97458,1,0.81587,0.85661,0.83536,0.7713,0.84234,0.84715,0.85515,0.83048,0.78511,0.88793,0.8576,0.82912,0.65774,0.70245,0.78313,0.86033,0.90014,0.62754,0.68851,0.40895,0.39229,0.47981,0.57456,0.6116,0.36884,0.64922,0.7057,0.7162,0.6481,0.64832,0.52318,0.5954,0.4319,0.66282,0.63679,0.60465,0.6324,0.73007,0.6735,0.74247,0.7874,0.72957,0.62126,0.81605,0.77095,0.78583,0.84423,0.90476,0.90287,0.89766,0.42156,0.63181,0.64955,0.67715,0.77505,0.74495,0.5532,0.26673,0.4428,0.43313,0.22483,0.29264,0.23528,0.37326,0.59782,0.47886,0.0751,0.14997,0.33001,0.12905,0.2153,0.18585,0.24775,-0.3137,-0.11125,-0.1773,-0.36693,-0.25016,-0.13362,-0.01622,-0.44851,-0.24611,-0.43553,-0.65587,-0.66654,-0.39334,-0.47557,-0.42723,-0.39032,-0.42957,-0.73957,-0.83558,-0.62429,-0.67723,-0.66508,-0.57604,-0.55461,-0.63237,-0.63413,-0.61265,-0.43948,-0.52074,-0.38921,-0.47224,-0.44804,-0.51625,-0.58638,-0.45026,-0.42854,-0.505,-0.49156,-0.44235,-0.40908,-0.47675,-0.70113,-0.64361,-0.75601,-0.70235,-0.5207,-0.81524,-0.80144,0.31702,0.2894,0.14855,0.31601,0.15637,0.12362,0.26691,-0.36215,-0.32861,-0.34495,-0.39456,-0.56849,-0.48836,-0.23369,-0.29802,-0.2092,-0.2576,-0.34845,-0.32421,-0.48306,0.05595,-0.02859,-0.12916,-0.10651,-0.12901,0.01934
"M879.468T1338.726",0.40064,0.55458,0.43704,0.7852,0.77455,0.5827,0.57369,0.55351,0.64714,0.65702,0.81466,0.80188,0.70431,0.66778,0.5362,0.58466,0.62038,0.35468,0.67345,0.589,0.54276,0.81487,0.79351,0.81587,1,0.80195,0.8173,0.74149,0.80925,0.68881,0.68922,0.6902,0.74796,0.77502,0.71517,0.74513,0.63843,0.66235,0.53671,0.77679,0.7039,0.58034,0.61656,0.35866,0.57418,0.51929,0.39253,0.44967,0.36724,0.46655,0.6236,0.63217,0.62704,0.62713,0.49129,0.64836,0.49467,0.62767,0.65176,0.77876,0.73477,0.82138,0.78947,0.82154,0.67582,0.60602,0.55877,0.67382,0.6407,0.67828,0.63687,0.7319,0.69373,0.75276,0.37162,0.45994,0.54379,0.6307,0.752,0.67202,0.4593,0.3983,0.53708,0.53108,0.34115,0.37595,0.41234,0.28017,0.63764,0.52134,0.1898,0.2152,0.43649,0.33296,-0.00064,0.19013,0.28631,-0.23995,0.06368,-0.13552,-0.08565,-0.28112,-0.05139,-0.15038,-0.49302,-0.26707,-0.32542,-0.70066,-0.55558,-0.25513,-0.22709,-0.17467,-0.32769,-0.48173,-0.58655,-0.6426,-0.63411,-0.62065,-0.5834,-0.44637,-0.44862,-0.60084,-0.63214,-0.67389,-0.52346,-0.63589,-0.43012,-0.63328,-0.52466,-0.62163,-0.66724,-0.57717,-0.65886,-0.65676,-0.51582,-0.4797,-0.47994,-0.49994,-0.54288,-0.69047,-0.64243,-0.58405,-0.4716,-0.75904,-0.64231,0.15226,0.2374,0.13591,0.36202,0.14985,-0.1986,-0.04457,-0.28151,-0.16206,-0.21505,-0.33025,-0.4578,-0.41103,-0.11504,-0.44598,-0.27135,-0.24725,-0.23535,-0.28913,-0.38379,-0.17206,-0.21785,-0.28054,0.05487,-0.04337,0.01057
